# nucl dec Total(s)  Bp(1+)(s)  Bp(1-)(s)  Bp(0-)(s)  Bp(2-)(s)  EC(1+)(s)  EC(1-)(s)  EC(0-)(s)  EC(2-)(s)
 Bh259 HL+ 1.725078e+00 8.340531e+02 1.596436e+02 2.464634e+03 3.097088e+04 2.453960e+01 1.890679e+00 9.828001e+02 9.053441e+02
 Bh260 HL+ 1.998224e+00 1.619198e+03 1.739612e+02 3.180496e+03 3.878470e+04 4.193254e+01 2.136583e+00 1.091419e+03 1.067115e+03
 Bh261 HL+ 2.649922e+00 3.093665e+03 3.805263e+02 7.312016e+03 1.316671e+05 5.106678e+01 2.828107e+00 1.555829e+03 2.193896e+03
 Bh262 HL+ 3.111867e+00 6.494377e+03 3.200902e+02 3.819099e+03 6.803247e+05 7.596266e+01 3.291863e+00 1.508609e+03 4.939154e+03
 Bh263 HL+ 4.299939e+00 2.545055e+04 8.556329e+02 2.932860e+04 6.631072e+05 1.512980e+02 4.460876e+00 2.805889e+03 5.532794e+03
 Bh264 HL+ 4.928586e+00 9.836420e+04 9.258719e+02 4.087237e+03 1.124484e+06 2.626013e+02 5.070405e+00 2.646947e+03 6.518061e+03
 Bh265 HL+ 8.063991e+00 8.042854e+05 2.194079e+03 2.689591e+05 3.808168e+06 5.493012e+02 8.230475e+00 6.212531e+03 1.516202e+04
 Bh266 HL+ 7.673653e+00 2.977633e+06 1.585279e+03 1.099350e+06 4.607275e+06 1.098373e+03 7.775168e+00 1.093541e+04 1.486058e+04
 Bh267 HL+ 2.250369e+01 2.112004e+08 9.712387e+03 7.942097e+06 2.463134e+07 2.144898e+03 2.283545e+01 1.762449e+04 5.128770e+04
 Bh268 HL+ 4.778837e+02 8.494532e+06 3.331771e+09 1.404412e+07 2.245395e+10 1.805583e+03 6.636123e+02 3.390219e+04 4.690253e+05
 Bh269 HL+ 8.871773e+02 1.000000e+10 1.601332e+08 2.678771e+06 1.000000e+10 2.220808e+04 9.409177e+02 5.489776e+04 1.325954e+06
 Cn268 HL+ 4.998214e-01 1.325486e+03 2.423900e+01 2.249911e+02 7.552795e+03 2.756150e+01 5.236929e-01 3.433075e+02 1.846451e+02
 Cn269 HL+ 5.498447e-01 1.790685e+03 2.639190e+01 2.781629e+02 6.532154e+03 3.014678e+01 5.761842e-01 3.961464e+02 1.905788e+02
 Cn270 HL+ 7.216357e-01 2.776197e+03 4.956322e+01 4.243282e+02 2.027893e+04 4.105806e+01 7.499623e-01 4.720826e+02 3.420034e+02
 Cn271 HL+ 8.198380e-01 3.142750e+03 5.330837e+01 5.610158e+02 8.214065e+03 4.372140e+01 8.544864e-01 5.447840e+02 2.652087e+02
 Cn272 HL+ 1.099645e+00 6.479178e+03 1.100843e+02 8.790208e+02 7.171905e+04 6.009000e+01 1.137078e+00 6.787838e+02 6.980452e+02
 Cn273 HL+ 1.190023e+00 7.361239e+03 1.122346e+02 1.450845e+03 4.318744e+04 5.625821e+01 1.234611e+00 8.919323e+02 5.903373e+02
 Cn274 HL+ 1.678893e+00 1.905281e+04 2.068347e+02 1.796601e+03 2.951153e+05 8.608169e+01 1.733600e+00 1.003602e+03 1.359334e+03
 Cn275 HL+ 2.509163e+00 2.459058e+04 3.524917e+02 2.768357e+03 9.742494e+05 9.372473e+01 2.608520e+00 1.174722e+03 2.384233e+03
 Cn276 HL+ 3.632269e+00 5.363758e+04 1.157999e+03 6.597553e+03 2.307821e+06 1.581294e+02 3.743714e+00 1.642023e+03 4.378126e+03
 Cn277 HL+ 4.551520e+00 6.733277e+03 6.475364e+02 1.188719e+04 1.794377e+06 5.868127e+01 4.994974e+00 1.993871e+03 5.395297e+03
 Cn278 HL+ 9.672134e+00 7.197925e+05 1.235805e+04 2.547011e+04 2.945796e+07 7.487456e+02 9.853162e+00 2.601305e+03 1.725619e+04
 Cn279 HL+ 1.701770e+01 9.014522e+06 6.737701e+03 8.661982e+03 1.876408e+07 1.436932e+03 1.742746e+01 2.664974e+03 2.153050e+04
 Cn280 HL+ 3.659475e+01 4.297468e+09 2.060749e+06 2.444117e+05 2.673914e+09 4.527356e+03 3.714280e+01 5.958670e+03 1.007377e+05
 Cn281 HL+ 5.093277e+01 8.792308e+11 1.432005e+05 5.163319e+04 1.699986e+08 7.791076e+03 5.170433e+01 8.165448e+03 6.324717e+04
 Cn282 HL+ 1.589469e+02 1.000000e+10 1.000000e+10 2.087422e+08 3.117005e+14 2.621297e+04 1.610559e+02 2.315085e+04 9.665248e+05
 Cn283 HL+ 2.906381e+02 6.952223e+07 1.357905e+11 6.250928e+08 3.431005e+12 9.719821e+03 3.022139e+02 3.558878e+04 1.262252e+06
 Cn284 HL+ 8.005157e+02 1.000000e+10 1.000000e+10 1.000000e+10 1.727609e+14 2.975309e+05 8.060442e+02 1.935887e+05 2.436401e+07
 Db255 HL+ 3.074987e+00 9.847989e+02 3.008973e+02 3.809312e+03 5.499588e+04 3.813332e+01 3.410926e+00 1.561920e+03 1.832781e+03
 Db256 HL+ 3.898017e+00 1.158634e+03 9.299226e+02 1.232121e+04 2.235085e+06 4.070523e+01 4.360584e+00 1.979286e+03 8.232772e+03
 Db257 HL+ 5.816896e+00 2.207971e+03 1.886785e+03 1.787965e+04 1.280299e+06 5.609549e+01 6.555407e+00 2.470080e+03 1.042118e+04
 Db258 HL+ 6.843498e+00 3.026061e+03 1.559303e+03 1.003491e+04 3.109032e+06 6.187076e+01 7.783900e+00 2.791315e+03 1.637352e+04
 Db259 HL+ 1.114661e+01 8.822684e+03 9.213473e+03 1.336306e+05 3.166774e+07 1.177413e+02 1.238231e+01 4.849372e+03 4.140721e+04
 Db260 HL+ 1.352394e+01 4.021988e+05 7.766823e+03 3.938238e+05 3.835820e+07 4.989308e+02 1.395920e+01 6.914265e+03 4.368180e+04
 Db261 HL+ 2.434103e+01 7.681777e+04 4.110878e+04 3.699367e+06 1.655246e+08 3.575616e+02 2.620833e+01 1.172616e+04 1.339245e+05
 Db262 HL+ 2.721941e+01 3.951711e+05 2.370885e+04 2.776706e+04 1.793314e+08 7.245724e+02 2.846684e+01 7.212223e+03 9.621702e+04
 Db263 HL+ 7.395166e+01 2.808665e+06 2.596797e+05 1.811876e+13 9.685830e+08 1.736114e+03 7.741570e+01 4.335634e+04 5.561603e+05
 Db264 HL+ 6.960602e+02 1.000000e+10 1.000000e+10 1.000000e+10 1.000000e+10 4.972828e+03 8.144807e+02 1.333704e+05 3.448269e+06
 Db265 HL+ 6.372197e+02 1.000000e+10 3.198077e+06 1.000000e+10 1.000000e+10 9.563090e+04 6.421789e+02 8.790890e+05 4.727981e+06
 Db266 HL+ 1.380576e+01 1.805321e+05 1.000000e+10 7.669538e+06 1.396982e+10 5.272395e+09 1.183633e+03 3.131950e+14 7.141870e+06
 Ds262 HL+ 5.686127e-01 1.784653e+02 2.444289e+01 2.928642e+02 8.302489e+03 1.058318e+01 6.222486e-01 3.690282e+02 2.303058e+02
 Ds263 HL+ 5.596226e-01 2.670928e+01 2.820971e+01 3.658673e+02 9.342350e+03 3.597460e+00 7.008166e-01 4.066634e+02 2.597586e+02
 Ds264 HL+ 8.013828e-01 1.079595e+03 4.967136e+01 5.157451e+02 2.103258e+04 3.180126e+01 8.412679e-01 4.674237e+02 3.950612e+02
 Ds265 HL+ 8.952704e-01 1.888187e+03 5.396580e+01 4.099390e+02 1.882419e+04 4.058378e+01 9.376060e-01 5.057049e+02 4.415657e+02
 Ds266 HL+ 1.163845e+00 7.747271e+03 1.087658e+02 1.129873e+03 6.178267e+04 8.217192e+01 1.199070e+00 6.636819e+02 7.461452e+02
 Ds267 HL+ 1.287123e+00 1.512774e+04 1.025824e+02 1.462232e+03 4.232751e+04 1.041317e+02 1.325940e+00 7.908693e+02 7.377694e+02
 Ds268 HL+ 1.832219e+00 3.563913e+04 2.777779e+02 3.195829e+03 2.070065e+05 1.576064e+02 1.873093e+00 1.031487e+03 1.539179e+03
 Ds269 HL+ 2.159834e+00 2.878372e+04 2.301849e+02 4.602865e+03 8.546356e+04 1.718477e+02 2.217264e+00 1.218543e+03 1.343184e+03
 Ds270 HL+ 3.263886e+00 1.768230e+05 9.392864e+02 1.185288e+04 9.146754e+05 2.739396e+02 3.325443e+00 1.698913e+03 3.615483e+03
 Ds271 HL+ 3.629021e+00 9.559829e+04 6.291248e+02 3.336322e+04 2.282667e+05 2.287685e+02 3.721673e+00 2.416568e+03 2.268986e+03
 Ds272 HL+ 7.098214e+00 2.126293e+06 5.342184e+03 5.065627e+04 9.981922e+06 4.922697e+02 7.236048e+00 2.863925e+03 1.047640e+04
 Ds273 HL+ 1.858082e+01 4.771675e+06 1.000000e+10 1.493850e+05 1.000000e+10 5.696553e+02 1.931162e+01 3.645793e+03 1.000000e+10
 Ds274 HL+ 2.178520e+01 1.045621e+08 1.105225e+06 2.802334e+06 6.808776e+08 1.097760e+03 2.230682e+01 6.882011e+03 6.312644e+04
 Ds275 HL+ 2.886273e+01 1.132967e+05 1.504223e+04 1.724448e+09 8.273502e+07 3.222116e+02 3.189811e+01 9.823174e+03 6.148693e+04
 Ds276 HL+ 1.156506e+02 1.278137e+11 3.416388e+11 1.339853e+12 1.000000e+10 1.123327e+04 1.176761e+02 1.716267e+04 6.463851e+05
 Fl272 HL+ 3.285717e-01 6.743112e+02 1.279196e+01 1.007331e+02 3.064984e+03 1.579594e+01 3.477661e-01 2.581000e+02 9.185208e+01
 Fl273 HL+ 3.657536e-01 7.237215e+02 1.471997e+01 1.230581e+02 1.664423e+03 1.622832e+01 3.879411e-01 2.911943e+02 7.534942e+01
 Fl274 HL+ 4.547112e-01 1.192899e+03 2.197658e+01 1.564127e+02 8.301328e+03 2.128341e+01 4.783943e-01 3.374375e+02 1.647891e+02
 Fl275 HL+ 5.126667e-01 1.188705e+03 2.341051e+01 1.682311e+02 4.627029e+03 1.876223e+01 5.442091e-01 3.785219e+02 1.351667e+02
 Fl276 HL+ 6.196413e-01 2.355050e+03 3.406673e+01 2.576551e+02 2.725087e+04 2.769468e+01 6.500127e-01 4.668579e+02 2.891210e+02
 Fl277 HL+ 8.310872e-01 2.950562e+03 4.506271e+01 3.160226e+02 4.236584e+04 2.986818e+01 8.775402e-01 5.151648e+02 3.914635e+02
 Fl278 HL+ 1.093684e+00 5.301603e+03 8.693338e+01 4.671255e+02 8.873319e+04 4.406500e+01 1.143350e+00 6.318542e+02 6.256277e+02
 Fl279 HL+ 1.303120e+00 1.185551e+03 8.093543e+01 5.631515e+02 9.756462e+04 2.489618e+01 1.409494e+00 6.906750e+02 7.604521e+02
 Fl280 HL+ 2.055771e+00 2.322565e+04 2.533624e+02 8.158419e+02 3.073435e+05 1.154663e+02 2.124558e+00 8.495583e+02 1.443080e+03
 Fl281 HL+ 2.849284e+00 1.072541e+05 1.947241e+02 6.887585e+02 3.279009e+05 2.209761e+02 2.957568e+00 8.559973e+02 1.797163e+03
 Fl282 HL+ 4.537979e+00 7.548747e+05 1.160338e+03 1.832175e+03 1.753401e+06 4.748275e+02 4.631921e+00 1.383954e+03 4.325831e+03
 Fl283 HL+ 6.137241e+00 5.017838e+06 1.724559e+03 1.485127e+03 3.032022e+05 7.300708e+02 6.276601e+00 1.764103e+03 2.355895e+03
 Fl284 HL+ 1.150803e+01 8.683709e+07 1.109064e+04 8.466111e+03 3.127823e+07 1.507690e+03 1.167374e+01 3.175299e+03 2.127912e+04
 Fl285 HL+ 1.674373e+01 2.605714e+06 2.761992e+04 1.656027e+04 5.915081e+07 1.890566e+03 1.699483e+01 4.497244e+03 2.928870e+04
 Fl286 HL+ 3.408143e+01 1.992363e+10 2.785780e+05 1.052555e+05 1.890750e+09 6.031306e+03 3.441756e+01 9.911727e+03 1.477164e+05
 Fl287 HL+ 2.454250e+01 1.486124e+11 1.633601e+04 4.317099e+04 1.515675e+08 1.852654e+04 2.468497e+01 1.257758e+04 5.777771e+04
 Fl288 HL+ 2.220742e+02 1.000000e+10 1.000000e+10 3.146417e+09 8.710815e+13 3.949092e+08 2.228998e+02 6.113325e+04 3.149841e+06
 Fl289 HL+ 6.005422e+01 1.161739e+11 2.515057e+05 8.096046e+06 5.770739e+09 1.163594e+05 6.036014e+01 1.582668e+04 1.174246e+05
 Fl290 HL+ 1.329799e+03 2.567712e+11 1.000000e+10 5.475897e+12 1.932093e+15 8.370930e+08 1.344325e+03 1.247034e+05 9.491461e+06
 Hs258 HL+ 8.564254e-01 3.086399e+02 4.187800e+01 5.659118e+02 1.361782e+04 1.508960e+01 9.363791e-01 5.239469e+02 3.903596e+02
 Hs259 HL+ 9.317901e-01 3.234862e+02 4.276869e+01 7.048079e+02 1.064699e+04 1.475627e+01 1.027479e+00 6.124677e+02 3.904544e+02
 Hs260 HL+ 1.301788e+00 5.332256e+02 1.098842e+02 1.289093e+03 5.661719e+04 1.989291e+01 1.421235e+00 7.142708e+02 8.906989e+02
 Hs261 HL+ 1.422831e+00 2.012195e+02 1.266373e+02 1.620964e+03 6.515273e+04 1.417890e+01 1.621854e+00 7.925612e+02 1.043241e+03
 Hs262 HL+ 1.979308e+00 2.489840e+03 2.891840e+02 3.050628e+03 2.141111e+05 5.101219e+01 2.083752e+00 1.015115e+03 1.841582e+03
 Hs263 HL+ 2.264167e+00 5.055398e+03 2.451532e+02 1.778760e+03 1.705290e+05 7.387461e+01 2.370445e+00 1.046252e+03 2.152393e+03
 Hs264 HL+ 3.067991e+00 2.161815e+04 7.078632e+02 9.430813e+03 8.129869e+05 1.582710e+02 3.152691e+00 1.637317e+03 3.822009e+03
 Hs265 HL+ 3.450692e+00 5.974785e+04 6.927951e+02 2.388042e+03 9.625574e+05 2.305238e+02 3.536635e+00 1.743391e+03 3.988057e+03
 Hs266 HL+ 5.281811e+00 3.189869e+05 1.867791e+03 5.304215e+04 3.348306e+06 4.740486e+02 5.369871e+00 3.103945e+03 8.663724e+03
 Hs267 HL+ 6.801060e+00 1.600899e+05 1.101577e+03 6.819573e+04 1.615303e+06 5.943381e+02 6.941796e+00 3.668536e+03 1.036120e+04
 Hs268 HL+ 1.204087e+01 9.607179e+06 7.272872e+03 1.148162e+06 1.998480e+07 1.528620e+03 1.218420e+01 6.833420e+03 2.634154e+04
 Hs269 HL+ 1.415209e+01 1.124493e+06 2.670797e+03 2.941560e+10 5.836484e+06 1.087754e+03 1.444690e+01 1.154225e+04 1.652470e+04
 Hs270 HL+ 1.577868e+02 3.030645e+11 5.335618e+11 4.080994e+13 2.077570e+12 3.514151e+04 1.600709e+02 1.664483e+04 5.260509e+05
 Hs271 HL+ 2.614040e+02 9.925123e+10 1.000000e+10 1.000000e+10 1.000000e+10 5.380661e+04 2.636331e+02 7.308647e+04 1.292321e+07
 Lr247 HL+ 2.191424e+00 8.971489e+02 9.317055e+01 1.802012e+03 1.253412e+04 3.773664e+01 2.410692e+00 1.084339e+03 6.244123e+02
 Lr248 HL+ 2.282867e+00 1.542529e+03 7.755956e+01 1.572972e+03 9.520892e+03 5.231345e+01 2.486161e+00 1.353780e+03 5.943413e+02
 Lr249 HL+ 3.603071e+00 4.641241e+03 2.907510e+02 4.718267e+03 3.362666e+04 9.234324e+01 3.824709e+00 1.764121e+03 1.264700e+03
 Lr250 HL+ 4.157731e+00 6.608830e+03 2.855309e+02 5.878617e+03 1.094037e+05 1.218326e+02 4.392407e+00 2.007450e+03 3.212817e+03
 Lr251 HL+ 6.329746e+00 5.632222e+04 1.462363e+03 1.439759e+04 9.831797e+04 2.853724e+02 6.532816e+00 3.175117e+03 3.220414e+03
 Lr252 HL+ 7.283154e+00 4.122767e+04 1.403418e+03 2.112698e+04 3.078172e+06 3.696685e+02 7.489987e+00 4.016822e+03 1.885365e+04
 Lr253 HL+ 1.294666e+01 1.006994e+06 7.082053e+03 3.643348e+04 5.124462e+05 8.087247e+02 1.322977e+01 5.975101e+03 1.291602e+04
 Lr254 HL+ 1.476480e+01 2.106199e+06 4.686224e+03 4.256419e+04 3.534653e+06 1.089696e+03 1.506073e+01 7.705929e+03 2.188309e+04
 Lr255 HL+ 3.680256e+01 1.700319e+07 1.750435e+04 7.850763e+04 9.734785e+07 1.659927e+03 3.786966e+01 1.161268e+04 1.393245e+05
 Lr256 HL+ 4.209005e+01 2.068571e+05 1.332477e+04 1.014153e+05 8.680174e+07 1.065127e+03 4.415492e+01 1.327106e+04 1.410943e+05
 Lr257 HL+ 1.306577e+02 4.669176e+11 1.320602e+05 1.916578e+05 2.276543e+08 7.870263e+03 1.340543e+02 1.913130e+04 5.563783e+05
 Lr258 HL+ 9.447055e+01 4.491043e+05 1.000000e+10 1.340466e+06 6.768985e+09 4.359060e+02 1.206525e+02 1.000000e+10 1.000000e+10
 Lr259 HL+ 4.611421e+02 1.349063e+11 8.497904e+04 7.581084e+04 1.000000e+10 6.605459e+05 5.402057e+02 3.450755e+03 8.944695e+05
 Lr260 HL+ 1.918849e+03 6.630108e+09 1.000000e+10 1.000000e+10 1.000000e+10 3.299399e+09 1.919725e+03 4.403900e+12 4.217563e+06
 Lv276 HL+ 2.213847e-01 4.275039e+02 7.128676e+00 5.135416e+01 1.768263e+03 9.567905e+00 2.366529e-01 2.011846e+02 5.185704e+01
 Lv277 HL+ 2.433197e-01 3.179538e+02 7.695131e+00 5.583950e+01 9.043989e+02 7.839498e+00 2.631449e-01 2.236152e+02 3.923450e+01
 Lv278 HL+ 2.885098e-01 7.108354e+02 1.058035e+01 7.349641e+01 4.700755e+03 1.213088e+01 3.069238e-01 2.607022e+02 8.375923e+01
 Lv279 HL+ 3.591789e-01 8.643111e+02 1.288867e+01 8.138914e+01 5.556142e+03 1.279780e+01 3.845049e-01 2.760946e+02 9.607027e+01
 Lv280 HL+ 4.368502e-01 1.486090e+03 1.931274e+01 9.988642e+01 8.170279e+03 1.717386e+01 4.635552e-01 3.144198e+02 1.269195e+02
 Lv281 HL+ 5.075240e-01 1.902718e+03 2.004689e+01 9.591910e+01 8.523161e+03 1.879393e+01 5.417475e-01 3.331843e+02 1.367951e+02
 Lv282 HL+ 6.640325e-01 3.995295e+03 3.584906e+01 1.407008e+02 1.537548e+04 2.967270e+01 6.995499e-01 3.944162e+02 2.038240e+02
 Lv283 HL+ 7.407471e-01 2.520782e+02 3.562912e+01 1.694495e+02 1.890773e+04 9.736252e+00 8.312746e-01 4.557492e+02 2.424196e+02
 Lv284 HL+ 1.079282e+00 3.542716e+04 7.615469e+01 2.194225e+02 3.888050e+04 8.176501e+01 1.120864e+00 5.181891e+02 4.048333e+02
 Lv285 HL+ 1.294905e+00 1.100254e+05 8.592270e+01 2.155119e+02 1.730565e+04 1.104312e+02 1.347581e+00 5.990426e+02 3.208436e+02
 Lv286 HL+ 2.104809e+00 3.709452e+05 2.044652e+02 4.706614e+02 2.069504e+05 1.588308e+02 2.174510e+00 8.709300e+02 1.312880e+03
 Lv287 HL+ 2.936548e+00 7.500611e+05 1.836652e+02 3.837842e+02 3.644200e+05 1.832999e+02 3.070707e+00 1.117454e+03 2.113107e+03
 Lv288 HL+ 4.718312e+00 6.524659e+06 1.004189e+03 1.644472e+03 2.522653e+06 3.386551e+02 4.839321e+00 1.735919e+03 6.015266e+03
 Lv289 HL+ 6.289880e+00 6.298026e+08 4.608617e+03 1.660101e+03 3.205072e+06 1.174810e+04 6.368675e+00 1.272450e+03 3.618868e+03
 Lv290 HL+ 1.536173e+01 8.477591e+05 6.138643e+05 2.558286e+05 7.492779e+09 7.293143e+01 1.955155e+01 4.835420e+03 4.005353e+04
 Lv291 HL+ 1.382214e+01 2.130214e+04 1.454209e+04 1.960185e+04 4.578489e+07 6.040758e+01 1.806704e+01 4.117392e+03 2.903262e+04
 Lv292 HL+ 2.433259e+01 2.091412e+10 2.241089e+07 2.195876e+05 4.722043e+10 1.731529e+08 2.442482e+01 7.704580e+03 4.810449e+04
 Lv293 HL+ 2.812090e+01 1.574597e+11 7.847505e+04 6.979223e+04 9.044832e+07 3.660494e+06 2.823803e+01 1.157019e+04 2.966074e+04
 Lv294 HL+ 1.747601e+02 1.781707e+11 4.697239e+11 1.000000e+10 4.531972e+13 5.385858e+02 2.603711e+02 4.121306e+04 2.085184e+06
 Lv295 HL+ 3.427209e+02 1.364427e+11 2.621160e+05 2.816073e+05 1.668500e+09 1.063723e+03 5.156245e+02 3.933525e+04 1.802845e+05
 Lv296 HL+ 3.790532e+02 1.000000e+10 5.467778e+11 1.417133e+12 5.771261e+14 3.275647e+08 3.793766e+02 4.774304e+05 6.610526e+06
 Lv297 HL+ 1.443723e+02 1.000000e+10 2.792573e+06 5.672689e+08 1.092268e+10 2.572119e+07 1.444773e+02 1.862330e+06 2.439883e+05
 Mc274 HL+ 2.498738e-01 3.424311e+02 7.948981e+00 4.613808e+01 1.369491e+03 9.347722e+00 2.689710e-01 2.067076e+02 4.716084e+01
 Mc275 HL+ 2.946071e-01 5.284625e+02 1.005328e+01 6.851590e+01 2.322353e+03 1.203374e+01 3.148922e-01 2.462817e+02 6.616502e+01
 Mc276 HL+ 3.409790e-01 5.187431e+02 1.233588e+01 7.516026e+01 2.938567e+03 1.121754e+01 3.662365e-01 2.754990e+02 7.786454e+01
 Mc277 HL+ 3.927217e-01 8.870620e+02 1.514994e+01 1.109999e+02 6.377854e+03 1.548324e+01 4.176880e-01 3.395654e+02 1.194791e+02
 Mc278 HL+ 4.979359e-01 1.173028e+03 1.814663e+01 1.277131e+02 5.738371e+03 1.683728e+01 5.335032e-01 3.664536e+02 1.281495e+02
 Mc279 HL+ 6.258600e-01 2.053081e+03 2.889962e+01 1.658896e+02 9.192026e+03 2.349233e+01 6.640432e-01 4.289596e+02 1.739024e+02
 Mc280 HL+ 7.423901e-01 2.894427e+03 2.898398e+01 1.548462e+02 1.089186e+04 2.738020e+01 7.924707e-01 4.504966e+02 2.006078e+02
 Mc281 HL+ 1.031744e+00 6.370544e+03 5.928002e+01 2.472992e+02 1.905352e+04 4.613364e+01 1.085457e+00 5.525662e+02 2.982344e+02
 Mc282 HL+ 1.284808e+00 1.638910e+04 4.747210e+01 2.149326e+02 1.812465e+04 7.549041e+01 1.362084e+00 5.260538e+02 3.148963e+02
 Mc283 HL+ 1.884918e+00 4.882424e+04 1.315531e+02 3.847997e+02 3.743786e+04 1.298291e+02 1.963270e+00 7.669779e+02 5.211374e+02
 Mc284 HL+ 3.245118e+00 1.330163e+05 2.348857e+02 2.553520e+02 5.324472e+05 1.946478e+02 3.410919e+00 7.725684e+02 2.745010e+03
 Mc285 HL+ 4.210980e+00 3.333555e+05 4.115732e+02 7.039296e+02 1.660493e+05 2.935801e+02 4.371331e+00 1.280780e+03 1.504204e+03
 Mc286 HL+ 5.527036e+00 3.954527e+05 5.374055e+02 4.571644e+02 1.046230e+05 3.958733e+02 5.782128e+00 1.420696e+03 1.445386e+03
 Mc287 HL+ 1.170441e+01 1.373521e+06 1.865931e+03 4.798982e+02 1.456479e+06 6.057762e+02 1.241459e+01 2.050620e+03 7.813418e+03
 Mc288 HL+ 1.354370e+01 2.844343e+06 6.421168e+03 4.779661e+05 4.055498e+07 8.091106e+02 1.381944e+01 2.369195e+04 2.707242e+04
 Mc289 HL+ 9.314432e+01 7.965819e+06 7.576151e+04 3.105444e+04 8.537216e+08 1.137345e+03 1.023340e+02 2.748152e+04 3.393628e+05
 Mc290 HL+ 3.907930e+01 4.536620e+10 2.452315e+05 1.000000e+10 4.212714e+08 5.394573e+06 3.921459e+01 1.805983e+04 3.491435e+04
 Mc291 HL+ 9.122441e+01 7.444202e+10 1.059716e+05 3.525639e+04 1.823201e+08 1.381093e+05 9.214729e+01 1.926225e+04 7.796790e+04
 Mc292 HL+ 2.777021e+02 6.552877e+10 1.000000e+10 8.825498e+04 1.000000e+10 2.624045e+05 2.839713e+02 2.145984e+04 5.631317e+04
 Mc293 HL+ 6.295764e+02 1.000000e+10 6.104117e+07 1.000000e+10 3.178199e+09 1.893055e+08 6.309966e+02 3.119458e+05 2.880015e+06
 Mc294 HL+ 5.880926e+02 1.238126e+12 1.000000e+10 1.032830e+06 5.214994e+08 1.550398e+06 5.919347e+02 1.682025e+05 2.876392e+05
 Md241 HL+ 2.193934e+00 1.143429e+02 8.880533e+01 2.438645e+03 2.067565e+04 1.705806e+01 2.668186e+00 1.242917e+03 8.902906e+02
 Md242 HL+ 2.703403e+00 1.626741e+02 1.220693e+02 1.394875e+03 3.378719e+04 2.189555e+01 3.252401e+00 1.167830e+03 1.211248e+03
 Md243 HL+ 3.431028e+00 2.132882e+02 1.925295e+02 6.125128e+03 5.010384e+04 2.690515e+01 4.111848e+00 2.193483e+03 1.757679e+03
 Md244 HL+ 4.358993e+00 1.338064e+03 2.988238e+02 5.480996e+03 5.306037e+04 4.270988e+01 4.981792e+00 2.078956e+03 2.041185e+03
 Md245 HL+ 6.300288e+00 3.411159e+03 7.089201e+02 2.371798e+04 3.144691e+05 7.267922e+01 7.005063e+00 3.918603e+03 4.862884e+03
 Md246 HL+ 6.640883e+00 4.192817e+02 1.924982e+03 6.559167e+04 1.422133e+06 2.840841e+01 8.914911e+00 5.737659e+03 8.681952e+03
 Md247 HL+ 1.208744e+01 2.478046e+04 3.439566e+03 6.392018e+04 8.594797e+05 1.968148e+02 1.296734e+01 8.881674e+03 1.383140e+04
 Md248 HL+ 1.059122e+01 8.268171e+02 2.204083e+04 1.771538e+06 2.151684e+07 2.619131e+01 1.821735e+01 1.682563e+04 3.378920e+04
 Md249 HL+ 2.512530e+01 1.352604e+06 2.804548e+04 1.131581e+06 2.703094e+07 9.932777e+02 2.583888e+01 2.660741e+04 5.723010e+04
 Md250 HL+ 2.988089e+01 5.540445e+05 2.254254e+04 1.309407e+07 1.246517e+07 1.544684e+03 3.055836e+01 4.470905e+04 3.865865e+04
 Md251 HL+ 7.603420e+01 1.000000e+10 2.330502e+05 7.831953e+08 8.616267e+09 1.623618e+04 7.648441e+01 1.058612e+05 4.789614e+05
 Md252 HL+ 8.424548e+01 2.642153e+11 4.518857e+05 3.713604e+10 9.117894e+09 2.915962e+05 8.433405e+01 2.058487e+05 5.089266e+05
 Md253 HL+ 4.496825e+02 1.000000e+10 1.196392e+05 2.765836e+12 3.717061e+08 1.899764e+06 4.518802e+02 7.744067e+05 1.571755e+06
 Mt262 HL+ 8.398742e-01 6.062970e+01 4.547348e+01 6.808375e+02 9.712156e+03 6.676956e+00 1.003527e+00 5.791913e+02 3.820121e+02
 Mt263 HL+ 1.167055e+00 1.379172e+03 8.604320e+01 1.106673e+03 4.294728e+04 3.732876e+01 1.228731e+00 6.582957e+02 7.004177e+02
 Mt264 HL+ 1.318886e+00 2.738262e+03 8.860486e+01 7.697427e+02 6.741695e+04 5.315003e+01 1.381338e+00 6.929246e+02 9.462200e+02
 Mt265 HL+ 1.730994e+00 1.220856e+04 1.757899e+02 2.739666e+03 1.517938e+05 1.163500e+02 1.781762e+00 9.822927e+02 1.416848e+03
 Mt266 HL+ 1.952248e+00 2.816691e+04 1.993925e+02 1.155074e+03 1.912555e+05 1.601138e+02 2.006043e+00 1.077848e+03 1.559742e+03
 Mt267 HL+ 2.836855e+00 1.066288e+05 4.149468e+02 1.009240e+04 6.597031e+05 3.172043e+02 2.890915e+00 1.656532e+03 3.168562e+03
 Mt268 HL+ 3.469042e+00 8.200124e+04 3.380788e+02 1.467593e+04 3.664304e+05 3.967639e+02 3.547313e+00 1.970148e+03 3.429929e+03
 Mt269 HL+ 5.522956e+00 1.000000e+10 1.160097e+03 6.515111e+04 3.470311e+06 8.596213e+02 5.600073e+00 3.061425e+03 7.950392e+03
 Mt270 HL+ 6.112750e+00 3.315671e+05 7.851694e+02 3.987999e+05 1.112891e+06 6.473883e+02 6.235549e+00 4.635399e+03 5.516851e+03
 Mt271 HL+ 1.626760e+01 3.743566e+09 3.717038e+03 9.635047e+05 2.830027e+07 3.239506e+03 1.647875e+01 5.996050e+03 2.375552e+04
 Mt272 HL+ 9.226962e+01 2.592615e+05 2.694927e+10 1.783903e+08 5.617262e+11 2.862950e+02 1.382505e+02 9.544091e+03 3.317062e+05
 Mt273 HL+ 4.102793e+01 9.114501e+11 2.509296e+04 1.527166e+07 2.334394e+08 9.031362e+03 4.139775e+01 1.860892e+04 7.488786e+04
 Mt274 HL+ 8.102536e+01 1.000000e+10 3.869704e+04 4.262482e+07 1.000000e+10 1.353599e+04 8.193746e+01 3.371501e+04 1.252809e+05
 Mt275 HL+ 2.382212e+02 1.000000e+10 3.121004e+05 1.654802e+07 2.577455e+07 4.032836e+04 2.407372e+02 8.638845e+04 2.383292e+05
 Mt276 HL+ 1.893896e+04 1.000000e+10 1.000000e+10 1.153990e+05 4.735897e+08 1.000000e+10 1.000000e+10 2.265877e+04 1.000000e+10
 Nh270 HL+ 3.639736e-01 6.671761e+02 1.252130e+01 1.257502e+02 2.782561e+03 1.643571e+01 3.870298e-01 2.946725e+02 1.024560e+02
 Nh271 HL+ 4.559646e-01 9.210034e+02 1.885981e+01 1.706071e+02 4.524154e+03 2.091931e+01 4.818120e-01 3.433959e+02 1.481777e+02
 Nh272 HL+ 5.104109e-01 1.028843e+03 2.166416e+01 2.195370e+02 2.546864e+04 2.199289e+01 5.388243e-01 3.957516e+02 2.784304e+02
 Nh273 HL+ 6.493863e-01 1.639740e+03 3.379995e+01 3.074550e+02 1.000000e+10 2.838102e+01 6.815911e-01 4.799805e+02 5.015509e+02
 Nh274 HL+ 7.434233e-01 1.777279e+03 3.713095e+01 3.314683e+02 4.654879e+04 2.606103e+01 7.860661e-01 5.438795e+02 4.487825e+02
 Nh275 HL+ 8.991697e-01 3.257903e+03 5.229633e+01 5.582581e+02 6.646362e+04 3.688491e+01 9.428746e-01 7.038607e+02 5.606844e+02
 Nh276 HL+ 1.258861e+00 4.188822e+03 7.415260e+01 7.397901e+02 1.131912e+05 3.998999e+01 1.330145e+00 8.003230e+02 8.127265e+02
 Nh277 HL+ 1.714184e+00 8.029326e+03 1.520094e+02 1.154585e+03 2.434894e+05 6.354232e+01 1.791083e+00 1.007960e+03 1.344950e+03
 Nh278 HL+ 2.108165e+00 2.327138e+03 1.340628e+02 1.479202e+03 2.358460e+05 3.787826e+01 2.283676e+00 1.155766e+03 1.610409e+03
 Nh279 HL+ 3.674157e+00 5.920925e+04 4.457214e+02 2.089151e+03 9.392546e+05 2.193607e+02 3.789457e+00 1.414907e+03 3.628290e+03
 Nh280 HL+ 7.012579e+00 3.276864e+05 2.782955e+03 1.295463e+03 2.947585e+06 4.380054e+02 7.231774e+00 1.330891e+03 6.530203e+03
 Nh281 HL+ 9.564484e+00 2.982646e+06 2.196701e+03 4.166463e+03 5.332880e+06 9.689928e+02 9.771131e+00 2.488597e+03 1.225829e+04
 Nh282 HL+ 1.256599e+01 1.398508e+07 3.203438e+03 1.046748e+05 1.218315e+06 1.424213e+03 1.278128e+01 7.096822e+03 5.721447e+03
 Nh283 HL+ 2.497634e+01 7.741751e+07 1.317495e+04 8.829194e+03 2.961393e+07 2.868849e+03 2.544775e+01 5.469097e+03 4.745818e+04
 Nh284 HL+ 4.594627e+01 6.713233e+06 3.346262e+04 5.315087e+03 5.078327e+07 2.928873e+03 4.744540e+01 8.649493e+03 8.028123e+04
 Nh285 HL+ 1.020167e+02 5.154415e+09 1.137646e+05 7.457344e+04 2.152460e+08 9.869406e+03 1.039308e+02 1.855175e+04 3.218048e+05
 Nh286 HL+ 1.608235e+02 1.567621e+11 3.684870e+05 5.393472e+04 1.442531e+09 1.234032e+04 1.659064e+02 1.199912e+04 2.051852e+05
 Nh287 HL+ 1.915806e+04 4.245316e+11 1.000000e+10 1.615107e+06 1.000000e+10 2.223348e+04 1.000000e+10 1.515020e+05 1.000000e+10
 No238 HL+ 8.587579e-01 1.204227e+02 1.918323e+01 2.462123e+02 2.454708e+03 1.114167e+01 9.986527e-01 3.516299e+02 1.777938e+02
 No239 HL+ 8.852416e-01 1.247005e+02 1.720365e+01 3.193171e+02 2.418701e+03 1.144171e+01 1.036358e+00 4.220478e+02 1.902241e+02
 No240 HL+ 1.150449e+00 1.784391e+02 3.172693e+01 5.119579e+02 5.388820e+03 1.484480e+01 1.320467e+00 5.069774e+02 3.012169e+02
 No241 HL+ 1.259636e+00 1.973307e+02 3.510551e+01 3.062065e+02 7.357767e+03 1.547517e+01 1.454112e+00 5.392288e+02 3.641526e+02
 No242 HL+ 1.618179e+00 2.960253e+02 5.841233e+01 1.194225e+03 1.377603e+04 2.039751e+01 1.836769e+00 7.687741e+02 5.524734e+02
 No243 HL+ 1.872832e+00 3.626712e+02 7.263397e+01 6.568209e+02 2.222591e+04 2.229096e+01 2.135356e+00 7.670432e+02 7.207416e+02
 No244 HL+ 2.415676e+00 6.191288e+02 1.256737e+02 3.235301e+03 4.233021e+04 3.091478e+01 2.702670e+00 1.231156e+03 1.118516e+03
 No245 HL+ 2.871944e+00 8.031645e+02 1.785112e+02 2.373055e+03 3.243093e+04 3.390728e+01 3.227555e+00 1.284841e+03 1.258708e+03
 No246 HL+ 3.978454e+00 2.135500e+03 3.751580e+02 1.106124e+04 1.852683e+05 6.102437e+01 4.331187e+00 2.077893e+03 2.684236e+03
 No247 HL+ 4.187765e+00 3.915647e+03 2.383558e+02 7.948572e+03 9.137567e+04 8.737246e+01 4.504891e+00 2.741422e+03 2.425262e+03
 No248 HL+ 7.180348e+00 1.443955e+04 1.910231e+03 6.287522e+04 1.193061e+06 1.643328e+02 7.565298e+00 3.908761e+03 7.353773e+03
 No249 HL+ 8.708416e+00 2.276931e+04 1.312372e+03 6.843925e+04 1.000000e+10 2.252345e+02 9.145153e+00 4.472752e+03 1.000000e+10
 No250 HL+ 1.409977e+01 4.107243e+05 2.983965e+04 1.255696e+06 1.112823e+07 6.472795e+02 1.445424e+01 8.639505e+03 2.393033e+04
 No251 HL+ 1.690456e+01 1.474221e+05 1.039095e+04 1.447011e+07 1.864871e+06 8.555145e+02 1.732137e+01 1.224659e+04 1.442619e+04
 No252 HL+ 3.741265e+01 7.846304e+07 1.572884e+07 4.492379e+08 2.067692e+09 3.386444e+03 3.790196e+01 2.253164e+04 1.881157e+05
 No253 HL+ 4.689029e+01 2.077074e+09 1.564335e+05 2.558045e+07 1.211346e+09 7.520957e+03 4.727451e+01 3.401684e+04 2.205605e+05
 No254 HL+ 2.468124e+02 1.521852e+12 5.266038e+12 8.088665e+12 3.929848e+14 1.505705e+04 2.517381e+02 7.975838e+04 3.061526e+06
 No255 HL+ 2.871272e+02 1.000000e+10 6.069469e+05 2.050014e+13 2.784774e+09 5.077371e+03 3.051000e+02 1.641889e+05 2.114952e+06 
 Og282 HL+ 2.116379e-01 3.559344e+02 6.884010e+00 4.372347e+01 2.560859e+03 7.357142e+00 2.276392e-01 1.999813e+02 5.030794e+01
 Og283 HL+ 2.386714e-01 3.495851e+02 7.801152e+00 4.454202e+01 2.721171e+03 7.244398e+00 2.580630e-01 2.145667e+02 5.471779e+01
 Og284 HL+ 2.815521e-01 1.169219e+03 1.154766e+01 5.494101e+01 4.001525e+03 1.523472e+01 2.974633e-01 2.240162e+02 7.155969e+01
 Og285 HL+ 3.011050e-01 2.484971e+03 1.154873e+01 5.130298e+01 3.438702e+03 1.912221e+01 3.181520e-01 2.234672e+02 6.942368e+01
 Og286 HL+ 3.624789e-01 8.659582e+03 1.837249e+01 7.375458e+01 6.807667e+03 3.861958e+01 3.771330e-01 2.718909e+02 1.066592e+02
 Og287 HL+ 6.481327e-01 3.710316e+04 2.263833e+01 4.861460e+01 1.565870e+04 1.721962e+02 6.844088e-01 2.109803e+02 1.562995e+02
 Og288 HL+ 8.569404e-01 3.231253e+06 5.502385e+01 9.177563e+01 7.049532e+04 1.191929e+04 8.843496e-01 2.904698e+02 2.811733e+02
 Og289 HL+ 1.072734e+00 5.905730e+05 6.942256e+01 1.123561e+02 4.460847e+04 8.933622e+02 1.109140e+00 3.644625e+02 2.936270e+02
 Og290 HL+ 1.446922e+00 4.665642e+08 3.301024e+02 2.712123e+02 3.955328e+05 7.473842e+05 1.468518e+00 5.711669e+02 5.908428e+02
 Og291 HL+ 1.683510e+00 6.008701e+08 3.971135e+02 3.081345e+02 2.708529e+05 5.332690e+04 1.708650e+00 6.929877e+02 6.619073e+02
 Og292 HL+ 2.381326e+00 1.031488e+09 1.588389e+03 7.957091e+02 1.963234e+06 9.838519e+05 2.401822e+00 1.020513e+03 1.396995e+03
 Og293 HL+ 2.758375e+00 1.432007e+09 1.489743e+03 8.208083e+02 7.322524e+05 2.109536e+05 2.784610e+00 1.274818e+03 1.359737e+03
 Og294 HL+ 4.128870e+00 3.843160e+09 6.334638e+03 2.774221e+03 1.219437e+07 1.509296e+06 4.151178e+00 1.961186e+03 3.669144e+03
 Og295 HL+ 4.942778e+00 1.706609e+09 4.322005e+03 1.951247e+03 2.099034e+06 5.858455e+05 4.978911e+00 2.477946e+03 3.138240e+03
 Og296 HL+ 8.256331e+00 1.454199e+10 3.462681e+04 1.806566e+04 1.548468e+08 1.720551e+07 8.282438e+00 4.695949e+03 1.182991e+04
 Og297 HL+ 8.655392e+00 2.212560e+10 4.716942e+03 4.727694e+04 9.290449e+06 1.465285e+07 8.695438e+00 7.631250e+03 5.962580e+03
 Og298 HL+ 2.839831e+01 1.308547e+10 3.034803e+08 7.778268e+08 1.240536e+12 5.896512e+02 2.988689e+01 1.804388e+04 3.962403e+05
 Og299 HL+ 4.469448e+01 3.066009e+07 7.027245e+05 1.152319e+08 1.422083e+09 7.850705e+02 4.749502e+01 2.528180e+04 2.224036e+05
 Og300 HL+ 1.150305e+02 1.464580e+11 2.392780e+12 1.355267e+12 4.277877e+13 2.175820e+03 1.215572e+02 1.418768e+05 8.347627e+06
 Og301 HL+ 1.747551e+02 1.292359e+09 9.450485e+07 2.238319e+12 7.010932e+11 2.087719e+03 1.910743e+02 1.128605e+05 1.158429e+06
 Og302 HL+ 7.875030e+02 1.000000e+10 1.000000e+10 1.000000e+10 1.000000e+10 7.545369e+03 8.792722e+02 5.724512e+12 6.283501e+09
 Rf250 HL+ 2.383992e+00 3.040719e+03 1.802706e+02 3.070660e+03 4.780488e+04 6.664151e+01 2.523031e+00 1.054941e+03 1.064260e+03
 Rf251 HL+ 2.742382e+00 4.213453e+03 1.864399e+02 3.872315e+03 1.000000e+10 8.490133e+01 2.892511e+00 1.179196e+03 2.270611e+03
 Rf252 HL+ 3.935312e+00 1.692095e+04 7.296522e+02 1.051911e+04 1.905488e+05 1.458761e+02 4.085848e+00 1.702271e+03 2.566233e+03
 Rf253 HL+ 4.544877e+00 1.414195e+04 7.835252e+02 1.835621e+04 6.493284e+04 1.624893e+02 4.729578e+00 2.091782e+03 1.840158e+03
 Rf254 HL+ 7.329315e+00 6.442362e+04 4.815101e+03 4.200761e+04 2.322455e+06 2.626424e+02 7.579340e+00 2.821677e+03 1.093046e+04
 Rf255 HL+ 8.405478e+00 8.939223e+04 2.401674e+03 3.392099e+04 7.458341e+05 3.008148e+02 8.712268e+00 3.455860e+03 8.524505e+03
 Rf256 HL+ 1.731510e+01 2.420019e+05 1.189586e+05 2.660695e+05 4.611310e+08 4.097309e+02 1.815575e+01 4.943023e+03 6.722854e+04
 Rf257 HL+ 2.206701e+01 1.000000e+10 1.308825e+04 5.882270e+05 1.032868e+08 1.000000e+10 2.219226e+01 6.021964e+03 8.618287e+04
 Rf258 HL+ 4.769155e+01 2.009023e+07 4.091727e+08 4.566426e+07 9.741542e+10 1.346622e+03 4.964398e+01 1.264708e+04 3.440684e+05
 Rf259 HL+ 4.094012e+01 6.417469e+03 2.333959e+05 1.000000e+10 7.554563e+09 1.600680e+02 5.564980e+01 2.191713e+04 3.012128e+05
 Rf260 HL+ 1.928723e+02 2.282721e+11 1.000000e+10 1.000000e+10 1.000000e+10 8.126128e+03 1.983821e+02 4.861574e+04 2.689154e+06
 Rf261 HL+ 1.667795e+02 1.000000e+10 1.000000e+10 1.000000e+10 1.147025e+10 2.121997e+04 1.698271e+02 1.688638e+04 7.964786e+05 
 Rg266 HL+ 5.389783e-01 1.000000e+10 2.076893e+01 2.003737e+02 5.173212e+03 1.000000e+10 5.573139e-01 3.868538e+02 1.951742e+02
 Rg267 HL+ 6.538489e-01 2.009103e+02 3.571638e+01 4.405994e+02 1.220232e+04 1.570564e+01 7.017058e-01 4.827351e+02 3.089689e+02
 Rg268 HL+ 7.521673e-01 3.544069e+02 4.535035e+01 6.717591e+02 2.649926e+04 2.023337e+01 8.002811e-01 5.748565e+02 4.220891e+02
 Rg269 HL+ 9.869018e-01 6.341154e+02 7.844192e+01 1.022354e+03 5.120365e+04 2.739390e+01 1.043264e+00 7.060634e+02 6.675500e+02
 Rg270 HL+ 1.143482e+00 9.601921e+02 8.410845e+01 1.603511e+03 3.070908e+04 3.323551e+01 1.207612e+00 8.275181e+02 6.421244e+02
 Rg271 HL+ 1.568246e+00 1.823565e+03 1.721747e+02 2.728910e+03 4.684541e+05 4.789725e+01 1.643383e+00 1.084574e+03 1.588670e+03
 Rg272 HL+ 1.656091e+00 2.727887e+03 1.510384e+02 5.050177e+03 1.269924e+05 5.287712e+01 1.735378e+00 1.463227e+03 1.250159e+03
 Rg273 HL+ 2.837105e+00 7.869487e+04 3.262729e+02 5.786144e+03 6.983428e+05 1.621999e+02 2.923539e+00 1.580442e+03 2.695635e+03
 Rg274 HL+ 4.274646e+00 1.211552e+05 4.671792e+02 1.030169e+04 9.610543e+05 1.780106e+02 4.438637e+00 1.898297e+03 3.971455e+03
 Rg275 HL+ 8.601732e+00 1.052499e+04 1.806685e+04 4.250280e+04 1.333761e+08 1.610478e+02 9.134168e+00 3.066612e+03 1.486407e+04
 Rg276 HL+ 2.269798e+01 2.840405e+05 6.851273e+04 1.246249e+05 2.479257e+08 1.948174e+03 2.313643e+01 3.751654e+03 3.458192e+04
 Rg277 HL+ 2.164851e+01 8.887986e+04 1.947287e+04 5.287933e+05 2.446084e+07 5.281324e+02 2.271517e+01 5.398689e+03 3.864329e+04
 Rg278 HL+ 4.410836e+01 4.516831e+05 2.439878e+04 2.237525e+04 3.265633e+06 1.237231e+03 4.646825e+01 4.691822e+03 2.393554e+04
 Rg279 HL+ 1.111273e+02 3.214387e+06 6.898126e+05 1.171454e+08 1.857850e+09 3.728275e+03 1.154628e+02 1.541800e+04 3.290090e+05
 Rg280 HL+ 1.454189e+02 1.000000e+10 4.987400e+05 8.706571e+04 8.906624e+08 1.407123e+04 1.485813e+02 1.773145e+04 1.850560e+05
 Rg281 HL+ 9.417860e+02 1.000000e+10 3.708097e+08 1.000000e+10 9.613814e+10 1.000000e+10 9.513661e+02 9.723259e+04 2.471825e+06
 Rg282 HL+ 1.375337e+04 1.000000e+10 2.358091e+06 2.796752e+09 1.000000e+10 1.566314e+04 1.000000e+10 1.184768e+05 1.000000e+10
 Rg283 HL+ 1.379765e+06 2.066814e+11 1.000000e+10 1.000000e+10 1.000000e+10 2.042076e+06 1.000000e+10 4.263332e+06 1.000000e+10
 Sg252 HL+ 9.635405e-01 5.763356e+02 3.740664e+01 4.984607e+02 7.172803e+03 2.279442e+01 1.043986e+00 4.962183e+02 2.879989e+02
 Sg253 HL+ 1.080788e+00 6.339079e+02 4.456572e+01 6.423656e+02 6.880335e+03 2.440609e+01 1.171188e+00 5.537898e+02 3.425223e+02
 Sg254 HL+ 1.384640e+00 9.845862e+02 8.157030e+01 1.095325e+03 2.066422e+04 3.156443e+01 1.485451e+00 7.227213e+02 5.842037e+02
 Sg255 HL+ 1.556189e+00 9.883078e+02 9.652734e+01 1.504589e+03 1.142281e+04 3.153883e+01 1.679035e+00 8.592615e+02 4.948950e+02
 Sg256 HL+ 2.098309e+00 1.386297e+03 2.095475e+02 2.676629e+03 9.715879e+04 3.620709e+01 2.264909e+00 1.077758e+03 1.584097e+03
 Sg257 HL+ 2.253877e+00 1.436745e+03 1.657998e+02 2.585429e+03 3.752366e+04 3.520805e+01 2.459684e+00 1.285011e+03 1.246699e+03
 Sg258 HL+ 3.514210e+00 2.238303e+03 9.592554e+02 7.645071e+03 1.350335e+06 4.178478e+01 3.872713e+00 1.632561e+03 5.663925e+03
 Sg259 HL+ 4.252689e+00 1.000000e+10 8.894661e+02 1.005453e+04 1.593996e+06 9.204118e+01 4.497078e+00 1.828244e+03 7.007608e+03
 Sg260 HL+ 6.045883e+00 1.065916e+04 4.747594e+03 2.993874e+04 1.444447e+07 9.356358e+01 6.494808e+00 2.904370e+03 1.599836e+04
 Sg261 HL+ 6.375338e+00 1.953861e+03 3.585540e+03 6.308249e+04 1.028705e+07 4.728081e+01 7.429619e+00 4.079114e+03 1.786209e+04
 Sg262 HL+ 1.151597e+01 1.528654e+05 3.267931e+04 2.297643e+05 1.313071e+08 3.179592e+02 1.198048e+01 6.299910e+03 4.651744e+04
 Sg263 HL+ 1.345129e+01 1.162863e+06 1.135625e+04 1.170385e+04 1.005464e+08 6.068260e+02 1.382967e+01 5.309949e+03 4.271556e+04
 Sg264 HL+ 2.867756e+01 5.184481e+07 1.301552e+06 2.639842e+07 2.959062e+09 1.410122e+03 2.931994e+01 2.055050e+04 1.872287e+05
 Sg265 HL+ 2.191512e+01 2.225906e+08 1.417273e+04 1.093353e+09 8.427675e+07 3.518083e+03 2.210114e+01 5.504635e+04 9.019848e+04
 Sg266 HL+ 1.470072e+02 1.003244e+11 3.913475e+10 2.356654e+12 1.000000e+10 8.920241e+03 1.496311e+02 1.499984e+05 1.956278e+06
 Sg267 HL+ 2.272556e+02 1.000000e+10 3.974367e+04 1.000000e+10 1.000000e+10 4.741093e+03 2.402017e+02 1.486954e+12 9.244984e+05
 Ts280 HL+ 2.551469e-01 3.211992e+02 7.597064e+00 6.087983e+01 1.000000e+10 7.900245e+00 2.756013e-01 2.420438e+02 1.110979e+02
 Ts281 HL+ 3.017003e-01 5.216476e+02 1.070820e+01 7.510839e+01 4.527705e+03 1.087284e+01 3.227211e-01 2.694535e+02 8.791121e+01
 Ts282 HL+ 3.118484e-01 3.995420e+01 1.191090e+01 8.047570e+01 5.647434e+03 3.042767e+00 3.645749e-01 2.742846e+02 1.011917e+02
 Ts283 HL+ 3.472902e-01 1.158387e+03 1.387688e+01 7.472528e+01 4.171579e+03 1.624879e+01 3.682125e-01 2.637856e+02 8.524340e+01
 Ts284 HL+ 4.004354e-01 2.353492e+03 1.386756e+01 7.335670e+01 4.987725e+03 2.395831e+01 4.245472e-01 2.696638e+02 9.984381e+01
 Ts285 HL+ 5.037641e-01 3.740925e+03 2.326601e+01 1.127190e+02 8.133991e+03 3.422934e+01 5.280458e-01 3.458784e+02 1.442613e+02
 Ts286 HL+ 5.927026e-01 4.880772e+03 2.636956e+01 1.122080e+02 6.499384e+03 3.911925e+01 6.230222e-01 3.927845e+02 1.469391e+02
 Ts287 HL+ 8.658574e-01 7.684005e+03 4.887720e+01 2.101458e+02 2.552676e+04 5.066746e+01 9.050000e-01 5.247438e+02 3.421559e+02
 Ts288 HL+ 1.805800e+00 1.281705e+06 2.114135e+02 1.724037e+02 1.070446e+05 3.593327e+03 1.855162e+00 4.617117e+02 5.713605e+02
 Ts289 HL+ 2.341111e+00 7.593553e+08 5.790848e+02 5.025785e+02 3.471627e+05 2.894539e+05 2.374058e+00 7.945645e+02 1.056610e+03
 Ts290 HL+ 2.781198e+00 1.181951e+09 6.884877e+02 6.968717e+02 6.256419e+05 8.214016e+04 2.816421e+00 1.128033e+03 1.410427e+03
 Ts291 HL+ 5.719306e+00 4.392932e+04 3.411313e+03 9.640882e+03 1.335298e+07 3.078919e+01 7.070368e+00 2.546482e+03 8.354338e+03
 Ts292 HL+ 7.113035e+00 7.491287e+04 5.978478e+03 2.172749e+05 1.602098e+07 3.488329e+01 8.980164e+00 3.706921e+03 9.229786e+03
 Ts293 HL+ 7.237793e+00 5.499061e+09 4.157150e+03 6.693241e+03 4.225174e+06 4.577603e+05 7.279996e+00 3.750101e+03 7.046208e+03
 Ts294 HL+ 1.138354e+01 1.142922e+08 6.853699e+03 5.691369e+04 1.162109e+07 1.570102e+04 1.144530e+01 8.158892e+03 8.052919e+03
 Ts295 HL+ 2.506377e+01 4.802950e+06 1.653996e+04 4.289823e+04 9.889109e+07 1.436118e+02 3.054952e+01 1.005010e+04 5.620433e+04
 Ts296 HL+ 1.652399e+02 6.290027e+10 1.105567e+08 5.986831e+10 4.615081e+11 4.174316e+03 1.731332e+02 2.988024e+04 3.484337e+05
