 Rf282 HL- 1.017359e+03 2.941943e+03 1.843954e+03 1.101152e+04 1.010245e+05 
 Rf283 HL- 1.907729e+02 1.843399e+03 2.318312e+02 4.779320e+03 5.661238e+03 
 Rf284 HL- 4.321802e+02 4.461190e+03 5.658568e+02 5.031969e+03 8.081908e+03 
 Rf285 HL- 1.328487e+02 2.944920e+03 1.571718e+02 2.497984e+03 2.352888e+03 
 Rf286 HL- 2.062054e+02 3.395387e+06 2.492814e+02 2.887262e+03 2.035170e+03 
 Rf287 HL- 8.994223e+01 1.992287e+05 1.016516e+02 2.035629e+03 1.274775e+03 
 Rf288 HL- 6.309635e+01 3.461630e+06 7.369597e+01 1.483215e+03 6.230477e+02 
 Rf289 HL- 1.514550e+01 8.304066e+03 1.706110e+01 8.743832e+02 1.626208e+02 
 Rf290 HL- 1.657093e+01 1.195986e+03 2.556922e+01 6.485581e+01 2.007154e+02 
 Rf291 HL- 7.309782e+00 4.071894e+02 9.758459e+00 5.126425e+01 8.087243e+01 
 Rf292 HL- 6.226506e+00 1.533359e+02 1.043741e+01 2.166823e+01 8.249234e+01 
 Rf293 HL- 1.800423e+00 5.127688e+00 3.447903e+00 1.579862e+01 1.412973e+02 
 Rf294 HL- 2.157955e+00 5.901403e+00 4.419588e+00 1.723045e+01 1.036464e+02 
 Rf295 HL- 1.424284e+00 4.379175e+00 2.640095e+00 1.240669e+01 6.955270e+01 
 Rf296 HL- 1.254561e+00 3.642176e+00 2.446627e+00 1.055209e+01 5.253050e+01 
 Rf297 HL- 8.705301e-01 2.836140e+00 1.568546e+00 7.620828e+00 3.652147e+01 
 Rf298 HL- 7.650981e-01 2.321455e+00 1.441022e+00 6.737521e+00 2.951315e+01 
 Rf299 HL- 5.503753e-01 1.747820e+00 1.060381e+00 3.914988e+00 2.159147e+01 
 Rf300 HL- 4.973278e-01 1.552437e+00 9.227839e-01 4.372008e+00 1.845286e+01 
 Rf301 HL- 3.761188e-01 1.259636e+00 6.995619e-01 2.743376e+00 1.410957e+01 
 Rf302 HL- 6.122985e-01 2.582813e+00 1.004568e+00 5.344305e+00 1.576112e+01 
 Rf303 HL- 5.338986e-01 2.218212e+00 8.822591e-01 4.875062e+00 1.195859e+01 
 Rf304 HL- 4.053043e-01 1.670695e+00 6.630512e-01 3.845855e+00 9.947307e+00 
 Rf305 HL- 3.354390e-01 1.364555e+00 5.503332e-01 3.297991e+00 7.810562e+00 
 Rf306 HL- 2.773916e-01 1.127498e+00 4.534720e-01 2.766732e+00 6.602914e+00 
 Rf307 HL- 2.243128e-01 9.089679e-01 3.661720e-01 2.270600e+00 5.360706e+00 
 Rf308 HL- 1.978116e-01 7.952198e-01 3.242426e-01 2.026428e+00 4.541092e+00 
 Rf309 HL- 1.622633e-01 6.879940e-01 2.657484e-01 1.486424e+00 3.654856e+00 
 Rf310 HL- 1.448713e-01 5.769349e-01 2.385199e-01 1.503879e+00 3.206045e+00 
 Rf311 HL- 1.152737e-01 4.640510e-01 1.886400e-01 1.179650e+00 2.693549e+00 
 Rf312 HL- 1.073499e-01 4.204622e-01 1.777238e-01 1.137308e+00 2.320069e+00 
 Rf313 HL- 9.019583e-02 3.711466e-01 1.462266e-01 9.485029e-01 2.001437e+00 
 Rf314 HL- 7.901199e-02 3.018174e-01 1.312180e-01 8.794546e-01 1.709198e+00 
 Rf315 HL- 6.250232e-02 2.649774e-01 1.015370e-01 6.014319e-01 1.400213e+00 
 Rf316 HL- 5.791923e-02 2.170504e-01 9.607538e-02 6.818513e-01 1.276962e+00 
 Rf317 HL- 4.899211e-02 1.915407e-01 7.974400e-02 5.683692e-01 1.122235e+00 
 Rf318 HL- 4.314962e-02 1.591430e-01 7.145008e-02 5.346188e-01 9.753776e-01 
 Rf319 HL- 3.675643e-02 1.432931e-01 5.968812e-02 4.349503e-01 8.513855e-01 
 Rf320 HL- 3.295235e-02 1.201761e-01 5.448781e-02 4.250989e-01 7.572274e-01 
 Rf321 HL- 2.874224e-02 1.097903e-01 4.654637e-02 3.657862e-01 6.821577e-01 
 Rf322 HL- 2.576670e-02 9.339464e-02 4.258317e-02 3.406430e-01 5.940191e-01 
 Rf323 HL- 2.221695e-02 8.523130e-02 3.584988e-02 2.893295e-01 5.187945e-01 
 Rf324 HL- 2.050687e-02 7.265536e-02 3.420494e-02 2.798102e-01 4.563850e-01 
 Rf325 HL- 1.703351e-02 6.354190e-02 2.804577e-02 2.223852e-01 3.549296e-01 
 Rf326 HL- 1.651543e-02 5.154691e-02 2.932142e-02 2.572864e-01 3.166420e-01 
 Rf327 HL- 1.418430e-02 4.609446e-02 2.489387e-02 2.074935e-01 2.620575e-01 
 Rf328 HL- 1.329306e-02 3.809907e-02 2.480181e-02 2.306878e-01 2.311960e-01 
 Rf329 HL- 1.199298e-02 3.477990e-02 2.228288e-02 2.081177e-01 2.021257e-01 
 Rf330 HL- 1.083213e-02 2.940171e-02 2.093752e-02 2.027681e-01 1.781452e-01 
 Rf331 HL- 9.770376e-03 2.726605e-02 1.860803e-02 1.782103e-01 1.581534e-01 
 Rf332 HL- 8.952065e-03 2.336616e-02 1.777496e-02 1.779148e-01 1.422562e-01 
 Rf333 HL- 8.190735e-03 2.184655e-02 1.604385e-02 1.613671e-01 1.283846e-01 
 Rf334 HL- 7.472948e-03 1.895106e-02 1.514658e-02 1.563528e-01 1.158587e-01 
 Rf335 HL- 6.802191e-03 1.793382e-02 1.346000e-02 1.380374e-01 1.029625e-01 
