# nucl dec Total(s)  Bp(1+)(s)  Bp(1-)(s)  Bp(0-)(s)  Bp(2-)(s)  EC(1+)(s)  EC(1-)(s)  EC(0-)(s)  EC(2-)(s)
 Bh259 HL+ 1.608079e+00 2.351820e+02 1.203859e+02 1.071079e+03 5.231250e+04 1.228911e+01 1.909367e+00 4.863053e+02 8.434882e+02
 Bh260 HL+ 1.874578e+00 1.998778e+02 2.251976e+02 1.472001e+03 2.071428e+05 1.132572e+01 2.312412e+00 5.415483e+02 1.359676e+03
 Bh261 HL+ 2.606512e+00 2.681705e+03 3.752553e+02 2.142237e+03 1.000000e+10 6.270383e+01 2.760764e+00 6.391478e+02 2.387893e+03
 Bh262 HL+ 2.977324e+00 8.687685e+03 4.137963e+02 1.837650e+03 1.000000e+10 1.196544e+02 3.098007e+00 7.458999e+02 3.226904e+03
 Bh263 HL+ 4.095710e+00 4.040227e+04 9.358741e+02 6.622729e+03 2.043990e+06 2.244493e+02 4.212574e+00 1.195458e+03 4.224197e+03
 Bh264 HL+ 3.267661e+00 4.600891e+04 7.369300e+02 2.289874e+03 5.425163e+05 1.789476e+02 3.362168e+00 1.152576e+03 3.039797e+03
 Bh265 HL+ 4.892572e+00 1.960656e+05 1.450340e+03 3.845625e+04 1.012001e+06 2.905710e+02 5.010579e+00 2.195627e+03 5.123315e+03
 Bh266 HL+ 5.245166e+00 4.758628e+05 1.403175e+03 2.692679e+05 1.375311e+06 4.199239e+02 5.343466e+00 4.246004e+03 5.841610e+03
 Bh267 HL+ 1.282813e+01 2.201548e+06 4.269715e+03 1.494341e+06 3.635556e+06 6.161688e+02 1.318307e+01 5.753058e+03 1.505057e+04
 Bh268 HL+ 2.661553e+02 1.671125e+06 1.044590e+08 4.923062e+06 2.809869e+10 7.057542e+02 4.482628e+02 9.518205e+03 2.798161e+05
 Bh269 HL+ 5.054427e+02 3.577600e+10 5.474911e+07 2.905211e+06 2.966043e+10 3.651707e+03 6.138825e+02 1.361845e+04 5.404010e+05
 Cn268 HL+ 4.257643e-01 5.967323e+02 1.842883e+01 1.074539e+02 3.810003e+03 1.715865e+01 4.529333e-01 1.681123e+02 8.967439e+01
 Cn269 HL+ 4.729776e-01 6.537980e+02 2.339440e+01 1.331396e+02 3.512303e+03 1.708496e+01 5.030789e-01 1.936228e+02 9.311928e+01
 Cn270 HL+ 5.986699e-01 7.956980e+02 3.603004e+01 1.961422e+02 7.867460e+03 1.972817e+01 6.352045e-01 2.288233e+02 1.475457e+02
 Cn271 HL+ 6.920601e-01 9.326282e+02 4.539747e+01 1.797757e+02 8.150924e+03 1.993397e+01 7.376427e-01 2.533398e+02 1.564108e+02
 Cn272 HL+ 9.077222e-01 1.298503e+03 6.863476e+01 3.835931e+02 2.385693e+04 2.471644e+01 9.646842e-01 3.202515e+02 2.873777e+02
 Cn273 HL+ 1.026606e+00 1.694052e+03 8.369569e+01 6.878487e+02 1.393230e+04 2.548886e+01 1.093600e+00 4.255844e+02 2.483785e+02
 Cn274 HL+ 1.496013e+00 2.747385e+03 1.233625e+02 8.816725e+02 1.220382e+05 3.434068e+01 1.597392e+00 4.768531e+02 6.275194e+02
 Cn275 HL+ 1.710458e+00 3.102860e+03 1.533623e+02 1.109647e+03 1.522800e+05 5.573328e+01 1.799298e+00 5.249241e+02 7.883086e+02
 Cn276 HL+ 2.620976e+00 1.302545e+04 3.971758e+02 1.741717e+03 4.024497e+05 1.172003e+02 2.720764e+00 6.213939e+02 1.469394e+03
 Cn277 HL+ 3.678351e+00 1.130015e+05 5.583413e+02 2.181231e+03 4.281696e+05 3.046427e+02 3.782928e+00 6.898878e+02 1.912875e+03
 Cn278 HL+ 8.093909e+00 6.714800e+05 2.559481e+03 4.323971e+03 5.004134e+06 4.898064e+02 8.357772e+00 9.419580e+02 5.757884e+03
 Cn279 HL+ 1.655852e+01 4.513695e+06 4.461605e+03 3.814712e+03 1.069597e+07 6.350288e+02 1.743015e+01 1.180199e+03 8.977471e+03
 Cn280 HL+ 3.000285e+01 3.062836e+07 1.569151e+05 2.943446e+04 3.962818e+08 1.661444e+03 3.098900e+01 2.593718e+03 3.045059e+04
 Cn281 HL+ 4.204428e+01 1.382266e+08 1.703748e+05 4.399122e+04 3.670088e+08 2.054572e+03 4.340251e+01 4.884567e+03 4.123641e+04
 Cn282 HL+ 9.280583e+01 1.800583e+10 5.967394e+08 2.874959e+06 4.580598e+11 4.522297e+03 9.556693e+01 1.166925e+04 2.413554e+05
 Cn283 HL+ 1.363768e+02 2.538707e+07 1.000000e+10 1.681641e+08 1.676901e+13 4.534458e+03 1.417320e+02 1.844492e+04 4.418881e+05
 Cn284 HL+ 2.967280e+02 3.356998e+11 3.308795e+12 3.019600e+15 1.000000e+10 3.828318e+04 3.003397e+02 7.123445e+04 2.721623e+06
 Db255 HL+ 2.157216e+00 2.831260e+02 2.217495e+02 1.971384e+03 3.962003e+04 1.615877e+01 2.559786e+00 6.919476e+02 1.002370e+03
 Db256 HL+ 2.883855e+00 3.382531e+02 7.490975e+02 4.403080e+03 1.176391e+06 1.718642e+01 3.538367e+00 8.488380e+02 3.861155e+03
 Db257 HL+ 4.208397e+00 5.607228e+02 1.283003e+03 7.096195e+03 1.000000e+10 2.263436e+01 5.274023e+00 1.006265e+03 7.495049e+03
 Db258 HL+ 6.033629e+00 8.625242e+04 1.495005e+03 9.481832e+03 4.066866e+06 2.693726e+02 6.241131e+00 1.114422e+03 8.732019e+03
 Db259 HL+ 7.531345e+00 3.125707e+03 3.882711e+03 2.098055e+04 7.162052e+06 7.450651e+01 8.473595e+00 1.559148e+03 1.308292e+04
 Db260 HL+ 9.194682e+00 9.364883e+03 2.199360e+03 1.426886e+04 7.615365e+06 1.471573e+02 9.938739e+00 1.530832e+03 1.618839e+04
 Db261 HL+ 1.440398e+01 7.146158e+04 1.560808e+04 1.333748e+05 2.742528e+07 3.663124e+02 1.508959e+01 3.235605e+03 3.353688e+04
 Db262 HL+ 1.731277e+01 4.338858e+05 1.817187e+04 1.524135e+04 4.525370e+07 7.249563e+02 1.788275e+01 3.236690e+03 3.367848e+04
 Db263 HL+ 3.840468e+01 2.624248e+06 1.506566e+05 1.463037e+07 3.709052e+08 1.451123e+03 3.960017e+01 1.215857e+04 1.313309e+05
 Db264 HL+ 6.148531e+02 1.344605e+07 5.796164e+11 9.136303e+09 3.560711e+13 2.673197e+03 8.111365e+02 5.328814e+04 1.556858e+06
 Db265 HL+ 2.834381e+02 6.584200e+06 2.795293e+07 1.719229e+12 1.978431e+10 5.634915e+03 2.991368e+02 1.419348e+05 2.185897e+06
 Db266 HL+ 3.939688e+03 4.138094e+09 1.000000e+10 1.000000e+10 1.000000e+10 1.051411e+06 3.956119e+03 2.050497e+12 9.748233e+06
 Ds262 HL+ 4.784938e-01 7.144131e+01 1.714693e+01 1.336815e+02 3.739323e+03 5.775311e+00 5.488297e-01 1.816443e+02 1.097539e+02
 Ds263 HL+ 4.458355e-01 1.516253e+01 2.212354e+01 1.672462e+02 4.354708e+03 1.771819e+00 6.458728e-01 1.993246e+02 1.263164e+02
 Ds264 HL+ 6.594982e-01 1.023862e+03 3.370869e+01 1.897402e+02 7.372153e+03 2.836529e+01 6.973279e-01 2.076170e+02 1.628819e+02
 Ds265 HL+ 7.227310e-01 2.425001e+03 4.421993e+01 2.320482e+02 1.149548e+04 4.146041e+01 7.556124e-01 2.505008e+02 2.138379e+02
 Ds266 HL+ 9.168491e-01 4.446131e+03 7.311611e+01 4.062337e+02 2.334862e+04 5.392280e+01 9.530617e-01 3.004724e+02 3.161911e+02
 Ds267 HL+ 1.048755e+00 6.042066e+03 8.983295e+01 5.621575e+02 2.536094e+04 6.119738e+01 1.088742e+00 3.603586e+02 3.584558e+02
 Ds268 HL+ 1.399112e+00 1.038722e+04 1.617340e+02 1.070782e+03 6.875139e+04 8.194063e+01 1.446106e+00 4.638855e+02 6.099064e+02
 Ds269 HL+ 1.753200e+00 1.523022e+04 2.295559e+02 7.864318e+02 9.339253e+04 8.532183e+01 1.819267e+00 5.224405e+02 7.271753e+02
 Ds270 HL+ 2.494828e+00 2.694393e+04 4.225605e+02 3.910208e+03 2.451979e+05 1.206521e+02 2.578547e+00 7.600862e+02 1.339539e+03
 Ds271 HL+ 3.083774e+00 2.723451e+04 5.594775e+02 1.247276e+04 9.554565e+04 1.149722e+02 3.207892e+00 1.088474e+03 9.846161e+02
 Ds272 HL+ 6.587834e+00 9.445952e+04 2.077397e+03 2.218170e+04 3.823670e+06 2.034086e+02 6.880934e+00 1.265371e+03 4.503313e+03
 Ds273 HL+ 1.001453e+01 1.395899e+05 2.222071e+03 4.418869e+04 7.415153e+06 4.848486e+02 1.036239e+01 1.497031e+03 7.058846e+03
 Ds274 HL+ 2.012563e+01 9.251420e+06 3.594099e+04 9.318887e+04 7.083258e+07 1.978663e+03 2.059885e+01 1.823240e+03 2.043329e+04
 Ds275 HL+ 3.715000e+01 4.479450e+08 1.187863e+05 1.893250e+05 1.979258e+08 4.386977e+03 3.818778e+01 2.164367e+03 3.593512e+04
 Ds276 HL+ 9.395828e+01 1.000000e+10 1.142327e+08 4.020069e+06 1.506232e+11 9.652846e+03 9.731027e+01 3.910733e+03 1.417760e+05
 Fl272 HL+ 2.876718e-01 2.241766e+02 1.001494e+01 5.599710e+01 1.511034e+03 8.064294e+00 3.125538e-01 1.329187e+02 4.469040e+01
 Fl273 HL+ 3.249617e-01 2.425309e+02 1.236736e+01 6.400414e+01 1.234041e+03 8.062277e+00 3.542554e-01 1.457760e+02 4.513946e+01
 Fl274 HL+ 3.935409e-01 3.209574e+02 1.647182e+01 8.078643e+01 3.504745e+03 9.343058e+00 4.276351e-01 1.680865e+02 7.622231e+01
 Fl275 HL+ 4.572372e-01 3.524875e+02 1.882140e+01 8.611915e+01 2.709791e+03 8.970338e+00 5.028394e-01 1.858589e+02 7.388590e+01
 Fl276 HL+ 5.445592e-01 5.424543e+02 2.431387e+01 1.331960e+02 1.351825e+04 1.169979e+01 5.920482e-01 2.292760e+02 1.447395e+02
 Fl277 HL+ 7.441688e-01 6.343991e+02 3.064761e+01 1.555295e+02 2.115963e+04 1.219792e+01 8.250920e-01 2.485742e+02 1.957460e+02
 Fl278 HL+ 8.828709e-01 1.241521e+03 4.831235e+01 1.847823e+02 3.128877e+04 2.184941e+01 9.500923e-01 2.735185e+02 2.654390e+02
 Fl279 HL+ 1.011494e+00 5.700585e+03 5.476496e+01 2.014802e+02 3.012674e+04 5.468252e+01 1.063731e+00 2.880952e+02 2.977289e+02
 Fl280 HL+ 1.712714e+00 1.664556e+04 1.038278e+02 2.600870e+02 8.703560e+04 7.898661e+01 1.808620e+00 3.408254e+02 5.498090e+02
 Fl281 HL+ 2.609264e+00 1.009712e+05 1.213922e+02 2.772824e+02 1.244429e+05 1.159780e+02 2.786676e+00 3.888687e+02 7.444258e+02
 Fl282 HL+ 3.873969e+00 3.305645e+05 5.814294e+02 5.530068e+02 4.627406e+05 1.850463e+02 4.049192e+00 6.226632e+02 1.595120e+03
 Fl283 HL+ 5.378095e+00 9.360794e+05 1.239337e+03 7.460769e+02 5.460759e+05 2.394906e+02 5.616116e+00 9.464071e+02 2.007401e+03
 Fl284 HL+ 9.609799e+00 3.521689e+06 5.150963e+03 3.096148e+03 1.095063e+07 3.979111e+02 9.965001e+00 1.760371e+03 9.045706e+03
 Fl285 HL+ 1.454502e+01 8.345694e+06 4.994145e+03 4.876351e+03 1.069306e+07 4.786683e+02 1.519952e+01 2.666249e+03 1.101311e+04
 Fl286 HL+ 2.776098e+01 1.300055e+08 6.510393e+04 3.799396e+04 4.073614e+08 9.613943e+02 2.876557e+01 6.301015e+03 5.732560e+04
 Fl287 HL+ 1.943187e+01 2.087229e+10 1.095765e+04 1.676445e+04 6.231620e+07 1.635630e+03 1.979342e+01 7.205162e+03 2.569499e+04
 Fl288 HL+ 1.347691e+03 8.236747e+10 1.745458e+12 1.000000e+10 7.449776e+13 3.072223e+03 2.412728e+03 5.325440e+05 6.018600e+06
 Fl289 HL+ 4.578641e+02 1.000000e+10 4.338345e+08 3.375454e+12 1.139922e+12 5.586676e+03 5.044806e+02 4.802117e+04 5.015965e+05
 Fl290 HL+ 8.609651e+02 8.664112e+10 1.000000e+10 6.739828e+07 1.000000e+10 2.143639e+04 9.763021e+02 1.142153e+04 3.338368e+05
 Hs258 HL+ 7.021062e-01 9.800215e+01 3.083759e+01 2.586966e+02 5.543710e+03 7.405264e+00 8.109469e-01 2.649576e+02 1.764152e+02
 Hs259 HL+ 7.855389e-01 9.950636e+01 3.740062e+01 3.197783e+02 5.319096e+03 7.107810e+00 9.226509e-01 3.019320e+02 1.971128e+02
 Hs260 HL+ 1.065179e+00 1.604368e+02 7.133704e+01 5.227180e+02 2.416887e+04 9.720868e+00 1.236915e+00 3.415270e+02 4.269565e+02
 Hs261 HL+ 1.112992e+00 7.897391e+01 9.211306e+01 6.347592e+02 2.584568e+04 5.499223e+00 1.456067e+00 3.728657e+02 4.903980e+02
 Hs262 HL+ 1.624692e+00 2.130613e+03 1.777418e+02 8.626546e+02 8.555846e+04 5.282701e+01 1.707341e+00 4.213117e+02 8.160839e+02
 Hs263 HL+ 1.788901e+00 6.057497e+03 2.135158e+02 8.420642e+02 1.083398e+05 8.826687e+01 1.856588e+00 4.967298e+02 1.008162e+03
 Hs264 HL+ 2.369599e+00 2.279915e+04 5.005385e+02 2.453031e+03 3.490347e+05 1.451815e+02 2.435128e+00 7.006863e+02 1.697975e+03
 Hs265 HL+ 2.600576e+00 3.751009e+04 5.696250e+02 1.365816e+03 4.082559e+05 1.701024e+02 2.670965e+00 8.372771e+02 1.839393e+03
 Hs266 HL+ 3.818645e+00 1.115643e+05 1.300681e+03 1.146550e+04 9.918251e+05 2.701531e+02 3.902410e+00 1.322859e+03 3.361016e+03
 Hs267 HL+ 3.833496e+00 3.072185e+05 1.053212e+03 3.916419e+04 8.053386e+05 3.629363e+02 3.901150e+00 2.087141e+03 3.226308e+03
 Hs268 HL+ 7.890090e+00 6.347381e+05 3.498856e+03 1.713659e+05 3.175327e+06 4.890205e+02 8.070512e+00 2.700303e+03 8.023870e+03
 Hs269 HL+ 1.109511e+01 3.344579e+05 3.446606e+03 7.543372e+06 2.361258e+06 4.534349e+02 1.146091e+01 4.011331e+03 7.791538e+03
 Hs270 HL+ 1.069483e+02 1.233993e+11 2.942885e+11 9.843616e+08 2.057190e+11 2.334119e+03 1.146579e+02 5.151449e+03 1.620927e+05
 Hs271 HL+ 1.778803e+02 5.305472e+10 1.000000e+10 1.000000e+10 1.000000e+10 3.891845e+03 1.883857e+02 1.791606e+04 1.355054e+06
 Lr247 HL+ 1.585910e+00 3.622994e+02 6.275991e+01 6.157000e+02 5.197170e+03 2.228702e+01 1.788388e+00 4.640113e+02 2.593893e+02
 Lr248 HL+ 1.816801e+00 6.861315e+02 7.874781e+01 8.215667e+02 6.645725e+03 3.282357e+01 2.002169e+00 5.672778e+02 3.118203e+02
 Lr249 HL+ 2.554173e+00 1.990189e+03 1.903927e+02 1.562265e+03 1.379233e+04 5.688935e+01 2.746027e+00 7.217308e+02 5.200719e+02
 Lr250 HL+ 2.598733e+00 7.749998e+03 2.143053e+02 2.325041e+03 3.446597e+04 1.158929e+02 2.711533e+00 1.058077e+03 8.476560e+02
 Lr251 HL+ 4.284463e+00 1.470170e+04 9.921615e+02 6.534673e+03 7.341474e+04 1.507066e+02 4.461906e+00 1.304736e+03 1.568494e+03
 Lr252 HL+ 5.303921e+00 1.979472e+04 1.562946e+03 1.210022e+04 2.339864e+06 2.175637e+02 5.480272e+00 1.703012e+03 9.082461e+03
 Lr253 HL+ 8.521056e+00 1.981134e+05 4.785020e+03 2.244118e+04 2.011401e+06 4.522898e+02 8.743190e+00 2.245788e+03 1.508957e+04
 Lr254 HL+ 1.149173e+01 5.403873e+05 5.669826e+03 3.767505e+04 6.507650e+06 7.102566e+02 1.176322e+01 2.911849e+03 1.918364e+04
 Lr255 HL+ 2.627679e+01 2.030062e+06 1.803410e+04 6.368702e+04 8.245654e+07 1.172377e+03 2.713730e+01 3.781285e+03 5.659630e+04
 Lr256 HL+ 3.527981e+01 5.015126e+05 1.480625e+04 6.588173e+04 1.213972e+08 9.434580e+02 3.709593e+01 4.347874e+03 7.671294e+04
 Lr257 HL+ 7.200089e+01 1.009395e+11 4.733658e+04 1.071571e+05 2.469799e+08 7.446448e+03 7.375218e+01 6.240761e+03 2.080910e+05
 Lr258 HL+ 1.295741e+02 1.423124e+11 1.000000e+10 3.636656e+04 1.000000e+10 1.032200e+04 1.356567e+02 4.547058e+03 5.735713e+05
 Lr259 HL+ 2.514601e+02 1.750357e+12 3.201086e+05 1.000000e+10 1.000000e+10 6.953748e+04 2.693127e+02 4.106291e+03 3.869319e+05
 Lr260 HL+ 1.524357e+03 1.000000e+10 4.811955e+04 2.554186e+11 1.038761e+08 3.426646e+05 1.584185e+03 6.369352e+12 9.389635e+05
 Lv276 HL+ 1.979519e-01 1.364791e+02 5.308031e+00 2.880503e+01 8.689735e+02 4.709786e+00 2.193351e-01 1.025974e+02 2.574718e+01
 Lv277 HL+ 2.231574e-01 1.416042e+02 6.152232e+00 3.047377e+01 6.651193e+02 4.326238e+00 2.502258e-01 1.123852e+02 2.452020e+01
 Lv278 HL+ 2.592757e-01 2.155762e+02 7.765999e+00 4.032707e+01 2.729622e+03 5.666925e+00 2.863700e-01 1.313509e+02 4.490686e+01
 Lv279 HL+ 3.317771e-01 2.682690e+02 9.552538e+00 4.306858e+01 3.288589e+03 6.020446e+00 3.717976e-01 1.371307e+02 5.233380e+01
 Lv280 HL+ 3.900100e-01 4.454083e+02 1.338956e+01 4.821069e+01 4.227252e+03 8.580689e+00 4.297016e-01 1.483444e+02 6.389896e+01
 Lv281 HL+ 4.395975e-01 1.131733e+02 1.507171e+01 5.247847e+01 4.735599e+03 4.478186e+00 5.163441e-01 1.568954e+02 7.150592e+01
 Lv282 HL+ 5.797805e-01 2.393292e+03 2.296869e+01 5.739836e+01 6.344651e+03 2.181614e+01 6.248461e-01 1.669448e+02 9.062950e+01
 Lv283 HL+ 7.112869e-01 6.792917e+03 2.526422e+01 5.948200e+01 6.628082e+03 2.932668e+01 7.696431e-01 1.790123e+02 9.782334e+01
 Lv284 HL+ 8.989736e-01 1.210690e+04 4.677392e+01 7.973162e+01 1.070223e+04 3.917509e+01 9.603608e-01 2.299582e+02 1.402174e+02
 Lv285 HL+ 1.137333e+00 1.958812e+04 5.713579e+01 8.733862e+01 9.075087e+03 4.330571e+01 1.224247e+00 2.783008e+02 1.509772e+02
 Lv286 HL+ 1.951278e+00 3.332929e+04 9.478496e+01 1.478794e+02 5.864437e+04 5.080139e+01 2.123309e+00 3.931050e+02 5.171395e+02
 Lv287 HL+ 3.544688e+00 5.856489e+04 1.133345e+02 1.750518e+02 1.890950e+05 5.708850e+01 4.039497e+00 5.845149e+02 1.297326e+03
 Lv288 HL+ 7.292982e+00 1.074346e+05 5.681292e+02 6.719707e+02 1.103209e+06 7.996242e+01 8.313245e+00 1.193221e+03 4.431269e+03
 Lv289 HL+ 1.987741e+01 1.817730e+05 7.220704e+03 6.381941e+04 1.417906e+06 9.624426e+01 2.533543e+01 6.037545e+03 8.215042e+03
 Lv290 HL+ 1.202463e+01 3.793638e+07 1.300463e+04 6.850210e+03 3.002705e+07 1.637255e+02 1.316269e+01 1.405025e+03 6.763703e+03
 Lv291 HL+ 1.970653e+01 4.086580e+09 4.517076e+04 3.147195e+04 1.457045e+08 2.375096e+02 2.173418e+01 2.578300e+03 1.219771e+04
 Lv292 HL+ 3.498502e+01 1.357778e+08 5.889625e+05 2.074938e+05 1.695915e+09 3.119981e+02 3.985495e+01 4.047499e+03 2.946841e+04
 Lv293 HL+ 4.873954e+01 3.283490e+10 1.508718e+05 6.013059e+06 1.918490e+09 2.576680e+02 6.065220e+01 8.701604e+03 3.690432e+04
 Lv294 HL+ 1.246369e+02 1.924731e+11 1.000000e+10 1.000000e+10 5.990642e+12 1.146566e+03 1.412239e+02 1.546333e+04 1.813414e+05
 Lv295 HL+ 3.185118e+02 9.926213e+11 1.000000e+10 1.000000e+10 1.000000e+10 3.052161e+03 3.585531e+02 4.406605e+04 3.525545e+06
 Lv296 HL+ 1.073409e+03 9.834875e+10 1.000000e+10 1.000000e+10 1.000000e+10 5.313895e+08 1.082281e+03 1.385521e+05 2.396263e+06
 Lv297 HL+ 2.555139e+03 1.000000e+10 1.137615e+11 1.159411e+09 4.108732e+11 8.883025e+08 2.563927e+03 1.386291e+06 1.618084e+06
 Mc274 HL+ 2.268084e-01 1.497058e+02 5.647819e+00 3.813356e+01 6.567586e+02 5.598291e+00 2.517457e-01 1.156363e+02 2.632541e+01
 Mc275 HL+ 2.717992e-01 2.012805e+02 6.948420e+00 4.874447e+01 1.629828e+03 6.602975e+00 3.006276e-01 1.336609e+02 4.189591e+01
 Mc276 HL+ 2.955407e-01 1.852903e+02 9.621656e+00 3.544539e+01 1.681458e+03 5.541505e+00 3.297595e-01 1.302801e+02 4.024740e+01
 Mc277 HL+ 3.377577e-01 2.609565e+02 1.138774e+01 5.252484e+01 2.396077e+03 6.900971e+00 3.732530e-01 1.613083e+02 5.169116e+01
 Mc278 HL+ 4.408235e-01 3.316125e+02 1.359586e+01 5.916208e+01 3.038629e+03 7.441633e+00 4.954082e-01 1.714532e+02 6.276151e+01
 Mc279 HL+ 5.255094e-01 5.552547e+02 1.911177e+01 6.741948e+01 4.173728e+03 1.084349e+01 5.802433e-01 1.876411e+02 7.841234e+01
 Mc280 HL+ 6.332076e-01 3.601772e+02 2.072915e+01 7.513891e+01 4.948312e+03 9.906042e+00 7.154275e-01 2.016425e+02 9.042479e+01
 Mc281 HL+ 8.412167e-01 2.777618e+03 3.206170e+01 8.315656e+01 6.496038e+03 2.836069e+01 9.119582e-01 2.186705e+02 1.156025e+02
 Mc282 HL+ 1.094854e+00 8.626784e+03 3.186632e+01 8.319634e+01 7.122074e+03 4.392120e+01 1.197452e+00 2.298996e+02 1.336447e+02
 Mc283 HL+ 1.543016e+00 1.694672e+04 7.334798e+01 1.298499e+02 1.322042e+04 6.144852e+01 1.659496e+00 3.274193e+02 2.131500e+02
 Mc284 HL+ 2.902610e+00 3.461141e+04 1.236217e+02 1.427576e+02 2.448891e+05 7.771616e+01 3.191621e+00 4.150123e+02 1.260745e+03
 Mc285 HL+ 3.774499e+00 7.414308e+04 2.414724e+02 3.059165e+02 9.404780e+04 1.034492e+02 4.078793e+00 6.616385e+02 8.672786e+02
 Mc286 HL+ 7.487451e+00 1.944640e+05 2.324835e+03 1.085362e+04 7.400569e+05 1.317688e+02 8.010289e+00 3.891547e+03 2.918931e+03
 Mc287 HL+ 1.296450e+01 2.935878e+05 1.631432e+03 8.792957e+02 1.777048e+06 1.999170e+02 1.436578e+01 1.629329e+03 6.500967e+03
 Mc288 HL+ 1.415116e+02 6.665314e+05 1.882463e+05 9.647792e+07 5.270477e+07 2.402172e+02 3.542222e+02 1.591750e+04 9.169799e+04
 Mc289 HL+ 2.432282e+02 8.763771e+05 1.416495e+08 3.236112e+07 2.189021e+11 3.648512e+02 7.368436e+02 9.243691e+04 7.226198e+05
 Mc290 HL+ 3.506690e+01 3.497485e+09 8.680954e+03 1.341601e+05 1.206041e+07 3.589506e+02 3.954803e+01 3.856264e+03 1.580760e+04
 Mc291 HL+ 8.807953e+01 2.503280e+10 1.101938e+06 9.746567e+04 7.905702e+08 4.854522e+03 9.175038e+01 4.527707e+03 6.167722e+04
 Mc292 HL+ 1.392815e+02 1.182392e+06 1.959605e+06 5.298493e+09 4.426115e+10 5.770593e+02 1.850820e+02 3.126687e+04 9.588674e+04
 Mc293 HL+ 4.149635e+02 5.169564e+06 1.079253e+12 2.723306e+12 5.963986e+13 1.221369e+03 6.336778e+02 8.503923e+04 9.471805e+05
 Mc294 HL+ 8.795616e+02 1.000000e+10 6.445009e+11 1.236263e+12 6.334397e+14 1.754530e+03 1.769350e+03 6.643599e+05 3.419986e+06
 Md241 HL+ 1.479499e+00 4.183051e+01 6.561792e+01 8.427011e+02 9.215108e+03 7.704892e+00 1.993962e+00 6.099956e+02 3.964530e+02
 Md242 HL+ 1.875609e+00 1.318374e+02 6.753161e+01 8.696354e+02 7.024372e+03 1.488568e+01 2.280957e+00 8.110123e+02 3.772224e+02
 Md243 HL+ 2.447916e+00 1.545434e+02 1.317759e+02 1.988594e+03 1.889026e+04 1.821222e+01 2.971042e+00 1.016640e+03 7.034368e+02
 Md244 HL+ 3.006343e+00 5.805349e+02 1.427151e+02 3.077622e+03 2.647935e+04 3.114594e+01 3.453547e+00 1.299718e+03 9.056866e+02
 Md245 HL+ 4.603762e+00 2.090631e+03 5.807614e+02 1.120324e+04 1.594738e+05 7.105531e+01 5.004889e+00 1.756773e+03 2.125378e+03
 Md246 HL+ 5.568715e+00 3.865609e+03 8.307419e+02 1.102990e+04 1.913191e+05 1.002510e+02 5.984431e+00 1.743148e+03 2.721804e+03
 Md247 HL+ 7.884188e+00 8.192851e+03 2.664928e+03 6.432244e+04 1.089887e+06 1.680316e+02 8.340040e+00 3.325207e+03 5.992368e+03
 Md248 HL+ 9.087879e+00 4.024008e+04 7.068246e+03 1.045860e+07 3.384777e+06 4.059414e+02 9.333746e+00 5.710631e+03 1.071680e+04
 Md249 HL+ 1.458367e+01 6.613340e+04 1.698694e+04 3.792059e+06 8.612624e+06 5.014590e+02 1.507913e+01 7.910942e+03 1.721769e+04
 Md250 HL+ 2.208315e+01 2.657874e+05 5.106008e+04 6.503192e+06 1.868535e+07 1.170036e+03 2.257619e+01 1.260258e+04 3.189805e+04
 Md251 HL+ 5.299644e+01 1.000000e+10 1.000000e+10 7.287146e+07 1.000000e+10 4.494593e+03 5.375572e+01 2.511665e+04 2.379586e+05
 Md252 HL+ 1.952191e+02 1.000000e+10 8.167371e+10 4.453337e+10 1.043322e+12 6.326402e+03 2.023987e+02 4.522022e+04 6.561910e+05
 Md253 HL+ 3.508169e+02 1.000000e+10 3.206496e+11 2.837715e+11 1.000000e+10 1.336475e+04 3.612396e+02 1.427741e+05 2.403035e+06
 Mt262 HL+ 6.564390e-01 3.429582e+01 3.597220e+01 2.780311e+02 4.297552e+03 3.286378e+00 8.706676e-01 2.634804e+02 1.678261e+02
 Mt263 HL+ 9.377125e-01 1.321660e+03 5.831995e+01 3.429401e+02 8.842059e+03 3.774101e+01 9.885544e-01 2.877177e+02 2.536578e+02
 Mt264 HL+ 1.067320e+00 3.879380e+03 8.005214e+01 3.981060e+02 4.178067e+04 6.233221e+01 1.110126e+00 3.533491e+02 5.077915e+02
 Mt265 HL+ 1.392384e+00 9.986263e+03 1.373860e+02 8.163208e+02 6.014373e+04 8.941989e+01 1.439492e+00 4.571785e+02 6.615046e+02
 Mt266 HL+ 1.645800e+00 1.368181e+04 1.671665e+02 1.160244e+03 1.000000e+10 1.062331e+02 1.698948e+00 5.682605e+02 1.089837e+03
 Mt267 HL+ 2.002837e+00 4.870012e+04 2.542323e+02 2.892748e+03 1.539658e+05 1.439345e+02 2.058890e+00 6.973455e+02 1.104349e+03
 Mt268 HL+ 2.643216e+00 7.230728e+04 3.536462e+02 1.674176e+03 2.392061e+05 1.587918e+02 2.727968e+00 7.679734e+02 1.406187e+03
 Mt269 HL+ 3.879946e+00 1.576390e+05 5.648211e+02 1.701355e+04 5.734844e+05 2.650150e+02 3.985160e+00 1.254354e+03 2.521323e+03
 Mt270 HL+ 5.078334e+00 1.091201e+05 6.350364e+02 9.711615e+04 4.117520e+05 2.656277e+02 5.246954e+00 1.843114e+03 2.356263e+03
 Mt271 HL+ 1.641056e+01 1.112636e+07 1.690890e+03 3.895607e+05 6.332873e+06 8.596211e+02 1.705573e+01 2.283298e+03 9.127347e+03
 Mt272 HL+ 2.094073e+01 1.329182e+07 2.356203e+03 2.613046e+06 6.576450e+06 1.029759e+03 2.177924e+01 2.923360e+03 9.963960e+03
 Mt273 HL+ 7.687125e+01 1.030818e+08 1.472051e+05 4.962685e+04 2.512070e+08 4.527190e+03 7.997612e+01 4.206812e+03 5.134156e+04
 Mt274 HL+ 1.311719e+02 1.494644e+09 1.509502e+05 1.227179e+05 5.072954e+08 6.797675e+03 1.373438e+02 6.010439e+03 6.983102e+04
 Mt275 HL+ 3.482561e+02 8.532278e+09 1.000000e+10 9.877245e+05 1.000000e+10 1.137059e+04 3.606657e+02 3.455165e+05 1.439585e+05
 Mt276 HL+ 6.574410e+02 1.000000e+10 8.473096e+04 1.000000e+10 1.000000e+10 9.915767e+03 7.133658e+02 7.003065e+06 1.550610e+05
 Nh270 HL+ 3.194076e-01 9.461109e+01 1.262440e+01 8.006403e+01 2.018198e+03 6.650376e+00 3.504273e-01 1.557660e+02 5.687140e+01
 Nh271 HL+ 3.996141e-01 1.280167e+02 1.812027e+01 1.053313e+02 4.194672e+03 8.200295e+00 4.366643e-01 1.757049e+02 8.363221e+01
 Nh272 HL+ 4.503099e-01 3.327123e+02 1.945808e+01 1.032919e+02 8.850384e+04 1.064929e+01 4.875553e-01 1.888251e+02 1.573903e+02
 Nh273 HL+ 5.516780e-01 4.301632e+02 2.481354e+01 1.418829e+02 1.000000e+10 1.227755e+01 5.973436e-01 2.278057e+02 3.267330e+02
 Nh274 HL+ 6.523348e-01 4.636313e+02 2.902084e+01 1.589344e+02 1.824922e+04 1.187050e+01 7.157346e-01 2.588374e+02 2.117828e+02
 Nh275 HL+ 7.840431e-01 7.129909e+02 3.660383e+01 2.758277e+02 2.883267e+04 1.537105e+01 8.537910e-01 3.370642e+02 2.640716e+02
 Nh276 HL+ 8.687932e-01 8.209863e+02 4.313875e+01 3.129911e+02 3.463745e+04 2.274361e+01 9.314980e-01 3.615462e+02 3.199918e+02
 Nh277 HL+ 1.281284e+00 2.100544e+03 7.655643e+01 4.173153e+02 6.789395e+04 3.670822e+01 1.364420e+00 4.134492e+02 5.140795e+02
 Nh278 HL+ 1.565203e+00 1.310053e+04 8.421560e+01 4.728262e+02 5.850856e+04 1.025274e+02 1.636339e+00 4.470532e+02 5.877428e+02
 Nh279 HL+ 3.120416e+00 4.466301e+04 2.049797e+02 6.734869e+02 2.746494e+05 1.535384e+02 3.277997e+00 5.571178e+02 1.411679e+03
 Nh280 HL+ 6.674826e+00 2.153197e+05 2.008923e+03 6.395878e+02 1.361687e+06 2.215201e+02 7.074850e+00 6.434363e+02 2.977944e+03
 Nh281 HL+ 8.789075e+00 6.143683e+05 2.006849e+03 1.585092e+03 2.395548e+06 3.828024e+02 9.171936e+00 1.220653e+03 5.358605e+03
 Nh282 HL+ 1.200747e+01 1.430580e+06 4.515589e+03 2.922674e+04 2.492512e+06 5.166764e+02 1.239049e+01 4.583271e+03 6.096258e+03
 Nh283 HL+ 2.113113e+01 4.709321e+06 1.701126e+04 5.831981e+03 1.926639e+07 8.888058e+02 2.189827e+01 3.875726e+03 2.261714e+04
 Nh284 HL+ 3.616466e+01 2.224575e+06 6.657319e+04 2.829001e+04 1.055193e+08 1.156667e+03 3.759300e+01 8.730278e+03 4.835929e+04
 Nh285 HL+ 1.088559e+02 5.803550e+07 1.000000e+10 7.446618e+04 1.000000e+10 2.355653e+03 1.153847e+02 1.287774e+04 2.388198e+05
 Nh286 HL+ 1.444731e+02 1.874562e+08 3.095664e+05 1.648740e+05 1.371943e+09 3.743915e+03 1.521077e+02 1.586492e+04 1.252633e+05
 Nh287 HL+ 6.427448e+03 1.695677e+09 1.859482e+05 1.445211e+08 1.000000e+10 6.791857e+03 1.000000e+10 3.376137e+05 1.000000e+10
 No238 HL+ 5.990951e-01 3.608209e+01 1.509748e+01 1.495435e+02 1.008126e+03 5.774792e+00 7.261133e-01 2.183917e+02 7.928129e+01
 No239 HL+ 6.945105e-01 4.279357e+01 1.721039e+01 1.135299e+02 1.318512e+03 6.067144e+00 8.554145e-01 2.151139e+02 9.681424e+01
 No240 HL+ 8.332562e-01 6.339978e+01 2.349028e+01 2.500857e+02 2.061685e+03 8.209868e+00 9.955313e-01 2.979361e+02 1.309946e+02
 No241 HL+ 9.418279e-01 6.818474e+01 2.582807e+01 2.858347e+02 2.363281e+03 8.292364e+00 1.143767e+00 3.413927e+02 1.507415e+02
 No242 HL+ 1.197610e+00 9.759930e+01 4.324052e+01 4.893002e+02 5.199239e+03 1.048469e+01 1.433878e+00 4.143835e+02 2.387555e+02
 No243 HL+ 1.378303e+00 1.226200e+02 4.764447e+01 5.725178e+02 3.862403e+03 1.175917e+01 1.658754e+00 5.160312e+02 2.202478e+02
 No244 HL+ 1.766842e+00 1.972830e+02 8.726150e+01 1.159393e+03 1.415201e+04 1.594639e+01 2.075023e+00 6.074206e+02 4.462443e+02
 No245 HL+ 1.763598e+00 6.819792e+01 9.569270e+01 1.711094e+03 1.823161e+04 8.352931e+00 2.390069e+00 7.575845e+02 5.453913e+02
 No246 HL+ 2.771695e+00 8.848945e+02 2.256881e+02 3.170252e+03 4.669586e+04 3.879187e+01 3.058532e+00 9.137219e+02 9.389906e+02
 No247 HL+ 3.326319e+00 1.751701e+03 2.946335e+02 2.843683e+03 2.753238e+04 5.445047e+01 3.627223e+00 9.663944e+02 8.427201e+02
 No248 HL+ 4.700585e+00 6.257200e+03 9.268519e+02 1.468229e+04 2.427149e+05 1.057165e+02 4.977196e+00 1.566206e+03 2.413078e+03
 No249 HL+ 4.543035e+00 3.005699e+04 5.880410e+02 7.736059e+03 1.012738e+05 2.323895e+02 4.696460e+00 2.353561e+03 1.695301e+03
 No250 HL+ 8.294993e+00 6.748508e+04 8.829051e+03 4.807509e+05 1.364618e+06 3.081382e+02 8.567455e+00 3.331502e+03 6.348568e+03
 No251 HL+ 1.103083e+01 8.933839e+04 1.421084e+04 5.588389e+06 2.722461e+06 4.711781e+02 1.134404e+01 4.768580e+03 1.125942e+04
 No252 HL+ 2.037390e+01 4.935049e+06 1.986556e+05 2.352170e+08 2.108683e+08 1.241549e+03 2.078300e+01 7.231164e+03 5.817021e+04
 No253 HL+ 3.127633e+01 1.584728e+08 1.331503e+05 8.497894e+07 8.655453e+08 2.353930e+03 3.180745e+01 1.076837e+04 1.153069e+05
 No254 HL+ 1.008313e+02 1.489795e+11 1.000000e+10 4.769995e+12 1.000000e+10 4.127850e+03 1.039549e+02 1.850476e+04 5.865027e+05
 No255 HL+ 1.629198e+02 5.483646e+07 3.965664e+07 1.000000e+10 1.000000e+10 2.167054e+03 1.772773e+02 2.924995e+04 7.042100e+05 
 Og282 HL+ 1.957361e-01 1.736900e+02 4.530374e+00 2.140342e+01 1.260129e+03 4.217789e+00 2.199747e-01 9.370287e+01 2.428635e+01
 Og283 HL+ 2.078103e-01 3.138489e+01 5.285109e+00 2.318851e+01 1.438081e+03 1.797233e+00 2.535459e-01 9.879678e+01 2.732479e+01
 Og284 HL+ 2.605260e-01 7.612022e+02 7.294424e+00 2.454389e+01 1.803138e+03 1.003619e+01 2.841753e-01 1.038202e+02 3.283073e+01
 Og285 HL+ 2.936633e-01 1.202641e+03 8.722806e+00 2.585405e+01 1.815757e+03 1.074075e+01 3.205758e-01 1.125547e+02 3.426784e+01
 Og286 HL+ 3.433075e-01 1.816559e+03 1.322527e+01 3.372585e+01 2.866283e+03 1.498602e+01 3.687838e-01 1.372389e+02 4.751489e+01
 Og287 HL+ 3.984273e-01 2.032770e+03 1.651862e+01 3.987744e+01 3.107508e+03 1.523738e+01 4.284007e-01 1.642451e+02 5.727338e+01
 Og288 HL+ 5.145431e-01 2.595389e+03 2.440089e+01 6.181549e+01 1.052033e+04 1.722938e+01 5.510134e-01 2.066689e+02 1.232238e+02
 Og289 HL+ 9.203347e-01 3.184988e+05 5.297234e+01 5.336981e+01 2.320408e+04 1.005854e+03 9.664086e-01 1.809322e+02 1.312347e+02
 Og290 HL+ 1.196513e+00 1.722402e+09 3.816219e+02 1.347818e+02 1.524985e+05 1.913190e+05 1.222140e+00 3.182714e+02 2.308768e+02
 Og291 HL+ 1.187757e+00 6.984744e+02 5.582273e+01 2.550797e+02 1.033578e+05 6.360679e+00 1.523636e+00 3.631743e+02 4.249518e+02
 Og292 HL+ 2.659635e+00 1.883033e+05 4.209046e+02 4.263859e+02 4.920791e+05 6.506538e+01 2.836508e+00 4.651491e+02 8.348178e+02
 Og293 HL+ 3.232405e+00 8.976459e+05 6.457320e+02 7.258248e+02 9.133302e+05 8.232758e+01 3.427426e+00 6.045186e+02 1.144626e+03
 Og294 HL+ 4.260393e+00 2.539296e+06 1.582102e+03 1.369730e+03 2.393935e+06 9.899860e+01 4.516706e+00 7.535810e+02 1.891282e+03
 Og295 HL+ 4.915320e+00 5.745514e+04 1.533673e+03 3.963250e+03 5.598260e+06 3.105776e+01 5.913264e+00 1.227065e+03 2.504740e+03
 Og296 HL+ 9.309519e+00 2.335849e+09 2.314519e+04 1.142078e+04 1.605273e+07 2.238233e+02 9.799850e+00 1.799748e+03 4.539623e+03
 Og297 HL+ 1.766889e+01 5.473260e+09 4.525053e+04 7.097714e+04 1.000000e+10 3.970509e+02 1.861966e+01 3.322133e+03 2.923180e+04
 Og298 HL+ 2.855263e+01 3.055115e+10 6.273803e+05 3.006030e+05 4.074282e+08 7.698581e+02 2.986591e+01 5.293947e+03 2.114615e+04
 Og299 HL+ 6.453146e+01 4.873223e+10 1.061515e+05 2.553359e+05 5.077104e+08 1.392897e+03 6.823223e+01 1.183451e+04 4.045248e+04
 Og300 HL+ 6.440933e+01 3.264849e+10 3.358496e+09 1.940786e+06 4.793776e+10 9.710380e+02 6.970825e+01 7.226923e+03 8.706790e+04
 Og301 HL+ 4.615765e+01 2.488791e+09 2.466660e+05 1.604213e+07 6.126186e+08 1.352462e+03 4.796394e+01 2.218726e+04 3.662464e+04
 Og302 HL+ 1.588497e+02 1.000000e+10 2.116893e+12 6.646749e+12 6.367572e+13 1.547148e+03 1.771215e+02 1.155874e+06 4.543312e+05
 Rf250 HL+ 1.752838e+00 1.244056e+03 1.146865e+02 1.021431e+03 1.400140e+04 3.967408e+01 1.886569e+00 4.789086e+02 3.885554e+02
 Rf251 HL+ 1.804368e+00 3.133712e+03 1.293309e+02 1.470833e+03 1.305856e+04 6.393102e+01 1.902320e+00 6.665766e+02 3.865251e+02
 Rf252 HL+ 2.832903e+00 4.942671e+03 4.822576e+02 3.684159e+03 3.987216e+04 8.028991e+01 2.981851e+00 7.624203e+02 7.729743e+02
 Rf253 HL+ 3.436858e+00 5.856946e+03 7.398932e+02 6.402178e+03 3.936651e+04 9.865720e+01 3.609804e+00 9.251939e+02 9.811051e+02
 Rf254 HL+ 5.166787e+00 1.487989e+04 2.035365e+03 1.139467e+04 4.307661e+05 1.500482e+02 5.403592e+00 1.122767e+03 3.596629e+03
 Rf255 HL+ 6.800925e+00 1.920462e+04 2.598646e+03 1.489523e+04 7.020382e+05 1.770409e+02 7.144339e+00 1.347760e+03 5.813223e+03
 Rf256 HL+ 1.301412e+01 3.544104e+04 1.409935e+04 3.915481e+04 6.458334e+07 2.263637e+02 1.395531e+01 1.677684e+03 2.280003e+04
 Rf257 HL+ 1.655983e+01 3.028757e+04 1.449302e+04 7.081682e+04 9.606479e+07 2.388393e+02 1.800333e+01 1.970029e+03 3.211700e+04
 Rf258 HL+ 2.843868e+01 2.364776e+06 1.516738e+05 2.917980e+05 1.516534e+09 1.315754e+03 2.937967e+01 2.916223e+03 7.774854e+04
 Rf259 HL+ 3.718671e+01 4.147107e+07 2.018353e+04 1.456928e+05 3.988402e+08 2.268493e+03 3.840666e+01 2.872362e+03 1.139420e+05
 Rf260 HL+ 7.541999e+01 1.729229e+11 8.388517e+08 6.305888e+07 2.418932e+11 8.672339e+03 7.684144e+01 7.844787e+03 4.042740e+05
 Rf261 HL+ 9.069925e+01 3.598287e+11 8.779670e+05 1.811743e+05 2.970837e+09 1.235965e+04 9.254701e+01 7.751102e+03 2.817948e+05 
 Rg266 HL+ 4.915544e-01 1.436888e+03 1.592747e+01 1.332163e+02 5.291116e+03 2.971638e+01 5.219866e-01 1.939930e+02 1.159755e+02
 Rg267 HL+ 5.242575e-01 1.583095e+02 3.174781e+01 1.890793e+02 8.241708e+03 1.022136e+01 5.696551e-01 2.252416e+02 1.535568e+02
 Rg268 HL+ 5.936801e-01 2.064818e+02 4.024770e+01 2.667519e+02 1.171674e+04 1.152306e+01 6.430304e-01 2.701334e+02 1.899489e+02
 Rg269 HL+ 7.579105e-01 2.943743e+02 6.125023e+01 4.250137e+02 3.149911e+04 1.423618e+01 8.191615e-01 3.299506e+02 3.054280e+02
 Rg270 HL+ 9.014936e-01 3.947666e+02 8.142311e+01 3.643035e+02 6.421374e+04 1.624886e+01 9.756986e-01 3.742014e+02 3.886176e+02
 Rg271 HL+ 1.179471e+00 5.574170e+02 1.197789e+02 1.212896e+03 4.197579e+05 2.029818e+01 1.275265e+00 5.122718e+02 6.666797e+02
 Rg272 HL+ 1.305287e+00 7.196641e+02 1.382338e+02 2.661854e+03 5.092980e+04 2.182933e+01 1.412342e+00 7.259439e+02 5.362383e+02
 Rg273 HL+ 2.157308e+00 1.342091e+03 2.393501e+02 3.789675e+03 1.490513e+05 3.597962e+01 2.334090e+00 8.251774e+02 1.099949e+03
 Rg274 HL+ 2.950637e+00 1.962635e+05 2.948272e+02 6.118013e+03 2.476046e+05 3.547907e+02 3.022529e+00 9.572709e+02 1.578620e+03
 Rg275 HL+ 4.320744e+00 2.043733e+05 8.139564e+02 9.562799e+03 4.834474e+05 4.981014e+02 4.408835e+00 1.101333e+03 2.712805e+03
 Rg276 HL+ 3.278471e+01 1.354527e+05 2.211933e+04 1.318787e+04 6.992166e+07 8.811129e+02 3.527223e+01 1.232249e+03 1.311890e+04
 Rg277 HL+ 2.621264e+01 3.446084e+05 2.256029e+04 3.920818e+04 2.481911e+07 8.069341e+02 2.758715e+01 1.824766e+03 2.455507e+04
 Rg278 HL+ 5.552760e+01 1.010163e+06 4.398234e+04 1.370099e+04 3.926444e+07 1.207837e+03 6.027574e+01 2.156078e+03 3.314644e+04
 Rg279 HL+ 9.394360e+01 1.938182e+06 1.453544e+06 1.350709e+06 1.268720e+09 2.751233e+03 9.887251e+01 6.363742e+03 1.235903e+05
 Rg280 HL+ 1.375920e+02 3.527224e+07 1.108132e+06 5.172532e+05 2.268205e+09 5.859749e+03 1.426829e+02 1.257585e+04 1.592993e+05
 Rg281 HL+ 3.907879e+02 1.000000e+10 2.957638e+09 1.000000e+10 1.906308e+11 2.418588e+04 4.008994e+02 4.489337e+04 1.087206e+06
 Rg282 HL+ 7.479597e+02 9.859168e+10 1.000000e+10 1.000000e+10 2.637030e+11 5.385740e+04 7.665904e+02 7.531288e+04 1.545314e+06
 Rg283 HL+ 8.423104e+04 1.000000e+10 1.000000e+10 1.000000e+10 1.000000e+10 1.011053e+05 1.000000e+10 5.048400e+05 1.000000e+10
 Sg252 HL+ 7.689314e-01 2.495551e+02 2.703428e+01 2.138413e+02 2.584310e+03 1.444137e+01 8.529177e-01 2.435290e+02 1.156367e+02
 Sg253 HL+ 8.679117e-01 2.742194e+02 2.569605e+01 2.637144e+02 1.960599e+03 1.259062e+01 9.878268e-01 2.744677e+02 1.006559e+02
 Sg254 HL+ 1.131905e+00 3.920401e+02 6.630615e+01 5.013983e+02 6.933822e+03 1.950235e+01 1.241987e+00 3.599629e+02 2.231833e+02
 Sg255 HL+ 1.280777e+00 3.687011e+02 8.525816e+01 7.008901e+02 7.458110e+03 1.869660e+01 1.417887e+00 4.229048e+02 2.740650e+02
 Sg256 HL+ 1.670207e+00 4.214414e+02 1.491695e+02 1.108508e+03 3.254560e+04 1.904692e+01 1.877136e+00 5.078548e+02 6.573250e+02
 Sg257 HL+ 1.884798e+00 3.802285e+02 1.722553e+02 1.211972e+03 2.274998e+04 1.667516e+01 2.182984e+00 5.879319e+02 6.677723e+02
 Sg258 HL+ 2.772209e+00 5.234870e+02 5.224919e+02 2.828735e+03 4.846924e+05 1.880139e+01 3.316221e+00 7.084221e+02 2.524387e+03
 Sg259 HL+ 3.301144e+00 6.079087e+02 6.647480e+02 3.545356e+03 6.204160e+05 2.330228e+01 3.922078e+00 7.730800e+02 3.147944e+03
 Sg260 HL+ 4.616583e+00 5.280324e+03 1.685019e+03 6.401555e+03 3.211220e+06 8.338818e+01 4.937907e+00 1.009254e+03 5.775353e+03
 Sg261 HL+ 5.215986e+00 1.548642e+04 1.165871e+03 4.413360e+03 2.082055e+06 1.475685e+02 5.473443e+00 1.068232e+03 6.413229e+03
 Sg262 HL+ 7.273566e+00 8.063669e+04 6.417966e+03 2.490857e+04 1.499718e+07 2.863294e+02 7.506855e+00 2.015737e+03 1.323303e+04
 Sg263 HL+ 8.213732e+00 2.951154e+05 6.467558e+03 5.930098e+03 1.765825e+07 4.084513e+02 8.441618e+00 2.283739e+03 1.355160e+04
 Sg264 HL+ 1.517765e+01 2.312215e+06 4.057913e+04 3.733389e+05 1.042432e+08 7.576102e+02 1.553752e+01 6.514031e+03 4.028460e+04
 Sg265 HL+ 1.471944e+01 6.018770e+06 1.215145e+04 1.334417e+07 3.995129e+07 1.117659e+03 1.494864e+01 3.122349e+04 3.090090e+04
 Sg266 HL+ 8.698022e+01 9.713887e+07 5.069010e+06 2.535632e+10 1.052956e+10 1.869853e+03 9.138800e+01 5.795263e+04 4.452959e+05
 Sg267 HL+ 2.559858e+02 5.214080e+08 1.000000e+10 1.000000e+10 1.184334e+09 2.010356e+03 2.935473e+02 3.231741e+06 4.707455e+05
 Ts280 HL+ 2.288834e-01 1.354828e+02 5.000731e+00 2.837538e+01 1.301437e+03 4.037940e+00 2.607141e-01 1.131931e+02 2.978780e+01
 Ts281 HL+ 2.668524e-01 2.260527e+02 6.689822e+00 3.257771e+01 1.385081e+03 5.880481e+00 2.981247e-01 1.231421e+02 3.379382e+01
 Ts282 HL+ 2.826525e-01 5.533174e+02 7.805772e+00 3.263892e+01 1.345741e+03 1.088521e+01 3.078745e-01 1.248109e+02 3.489548e+01
 Ts283 HL+ 3.731672e-01 9.829508e+02 1.076943e+01 3.770130e+01 2.102928e+03 1.490775e+01 4.058311e-01 1.363714e+02 4.902045e+01
 Ts284 HL+ 4.499861e-01 1.491524e+03 1.287546e+01 3.940230e+01 4.003369e+03 1.634486e+01 4.913427e-01 1.487301e+02 6.587533e+01
 Ts285 HL+ 3.978055e-01 9.127941e+02 1.871853e+01 4.291196e+01 3.051984e+03 1.417384e+01 4.271045e-01 1.530476e+02 5.811317e+01
 Ts286 HL+ 4.639244e-01 9.479642e+02 2.131395e+01 4.647853e+01 3.018877e+03 1.372824e+01 5.020629e-01 1.771312e+02 6.479119e+01
 Ts287 HL+ 6.572652e-01 1.110559e+03 3.179690e+01 7.362766e+01 8.321260e+03 1.429312e+01 7.174697e-01 2.305504e+02 1.366962e+02
 Ts288 HL+ 9.533810e-01 1.261905e+03 3.947104e+01 8.551102e+01 1.581328e+04 1.389188e+01 1.073608e+00 3.046637e+02 2.321396e+02
 Ts289 HL+ 1.995304e+00 2.746849e+03 1.290484e+02 1.777083e+02 1.197336e+05 2.282877e+01 2.274785e+00 4.069000e+02 6.393069e+02
 Ts290 HL+ 2.586246e+00 6.162934e+03 1.188873e+02 1.847919e+02 1.468206e+06 3.675332e+01 2.920487e+00 4.678837e+02 1.086109e+03
 Ts291 HL+ 4.867209e+00 1.089751e+06 4.919331e+02 9.916753e+02 5.268122e+05 9.207177e+01 5.270850e+00 8.759745e+02 1.455288e+03
 Ts292 HL+ 6.119934e+00 7.844568e+06 6.715729e+02 1.202859e+03 9.030182e+05 1.164645e+02 6.620899e+00 1.089930e+03 1.858258e+03
 Ts293 HL+ 7.897680e+00 1.367138e+07 1.069604e+03 1.805441e+03 1.635702e+06 1.414363e+02 8.552948e+00 1.307005e+03 2.661082e+03
 Ts294 HL+ 8.725027e+00 5.184159e+07 1.304431e+03 2.294967e+03 2.575314e+06 1.103134e+02 9.671212e+00 1.647361e+03 2.955990e+03
 Ts295 HL+ 1.849363e+01 8.125763e+10 9.951182e+04 1.602661e+05 1.395491e+07 4.664551e+02 1.933676e+01 8.379455e+03 1.279036e+04
 Ts296 HL+ 1.265578e+02 1.000000e+10 5.142790e+06 2.778582e+06 8.524379e+10 8.753440e+02 1.496658e+02 1.472313e+04 1.100061e+05
